3.843333333333333601e-01
3.843333333333333601e-01
3.843333333333333601e-01
3.830000000000000071e-01
3.806666666666666532e-01
3.746666666666666479e-01
3.659999999999999920e-01
3.599999999999999867e-01
3.496666666666666812e-01
3.413333333333333219e-01
3.330000000000000182e-01
3.250000000000000111e-01
3.186666666666666536e-01
3.109999999999999987e-01
3.049999999999999933e-01
2.989999999999999880e-01
2.903333333333333321e-01
2.806666666666666754e-01
2.743333333333333179e-01
2.683333333333333126e-01
2.613333333333333064e-01
2.553333333333333566e-01
2.489999999999999991e-01
2.419999999999999929e-01
2.389999999999999902e-01
2.343333333333333379e-01
2.280000000000000082e-01
2.253333333333333299e-01
2.193333333333333246e-01
2.139999999999999958e-01
2.096666666666666679e-01
2.076666666666666661e-01
2.046666666666666634e-01
2.006666666666666599e-01
1.983333333333333337e-01
1.960000000000000075e-01
1.923333333333333284e-01
1.890000000000000013e-01
1.853333333333333222e-01
1.836666666666666725e-01
1.809999999999999942e-01
1.776666666666666672e-01
1.739999999999999880e-01
1.710000000000000131e-01
1.690000000000000113e-01
1.676666666666666583e-01
1.670000000000000095e-01
1.656666666666666565e-01
1.636666666666666548e-01
1.616666666666666530e-01
1.600000000000000033e-01
1.586666666666666781e-01
1.573333333333333250e-01
1.556666666666666754e-01
1.543333333333333224e-01
1.533333333333333215e-01
1.526666666666666727e-01
1.523333333333333206e-01
1.523333333333333206e-01
1.509999999999999953e-01
1.506666666666666710e-01
1.503333333333333466e-01
1.496666666666666701e-01
1.489999999999999936e-01
1.469999999999999918e-01
1.459999999999999909e-01
1.446666666666666656e-01
1.443333333333333413e-01
1.426666666666666639e-01
1.423333333333333395e-01
1.406666666666666621e-01
1.406666666666666621e-01
1.403333333333333377e-01
1.403333333333333377e-01
1.396666666666666612e-01
1.383333333333333359e-01
1.376666666666666594e-01
1.373333333333333350e-01
1.360000000000000098e-01
1.350000000000000089e-01
1.343333333333333324e-01
1.333333333333333315e-01
1.326666666666666550e-01
1.316666666666666541e-01
1.313333333333333297e-01
1.310000000000000053e-01
1.310000000000000053e-01
1.306666666666666532e-01
1.303333333333333288e-01
1.300000000000000044e-01
1.296666666666666801e-01
1.296666666666666801e-01
1.290000000000000036e-01
1.280000000000000027e-01
1.276666666666666783e-01
1.273333333333333262e-01
1.263333333333333253e-01
1.260000000000000009e-01
1.253333333333333244e-01
1.250000000000000000e-01
1.246666666666666617e-01
1.243333333333333374e-01
1.239999999999999991e-01
1.239999999999999991e-01
1.236666666666666609e-01
1.233333333333333365e-01
1.233333333333333365e-01
1.233333333333333365e-01
1.233333333333333365e-01
1.229999999999999982e-01
1.219999999999999973e-01
1.219999999999999973e-01
1.213333333333333347e-01
1.213333333333333347e-01
1.209999999999999964e-01
1.203333333333333338e-01
1.199999999999999956e-01
1.199999999999999956e-01
1.196666666666666712e-01
1.193333333333333329e-01
1.189999999999999947e-01
1.186666666666666703e-01
1.186666666666666703e-01
1.179999999999999938e-01
1.176666666666666694e-01
1.173333333333333311e-01
1.163333333333333303e-01
1.153333333333333294e-01
1.150000000000000050e-01
1.143333333333333285e-01
1.143333333333333285e-01
1.140000000000000041e-01
1.140000000000000041e-01
1.140000000000000041e-01
1.140000000000000041e-01
1.140000000000000041e-01
1.136666666666666659e-01
1.136666666666666659e-01
1.133333333333333276e-01
1.126666666666666650e-01
1.126666666666666650e-01
1.123333333333333267e-01
1.120000000000000023e-01
1.120000000000000023e-01
1.120000000000000023e-01
1.116666666666666641e-01
1.116666666666666641e-01
1.113333333333333397e-01
1.113333333333333397e-01
1.103333333333333388e-01
1.103333333333333388e-01
1.103333333333333388e-01
1.100000000000000006e-01
1.100000000000000006e-01
1.100000000000000006e-01
1.093333333333333379e-01
1.086666666666666614e-01
1.076666666666666605e-01
1.073333333333333361e-01
1.069999999999999979e-01
1.069999999999999979e-01
1.066666666666666735e-01
1.059999999999999970e-01
1.053333333333333344e-01
1.049999999999999961e-01
1.049999999999999961e-01
1.049999999999999961e-01
1.049999999999999961e-01
1.043333333333333335e-01
1.039999999999999952e-01
1.033333333333333326e-01
1.026666666666666700e-01
1.026666666666666700e-01
1.023333333333333317e-01
1.023333333333333317e-01
1.023333333333333317e-01
1.023333333333333317e-01
1.023333333333333317e-01
1.019999999999999934e-01
1.019999999999999934e-01
1.010000000000000064e-01
1.006666666666666682e-01
1.003333333333333299e-01
1.003333333333333299e-01
1.000000000000000056e-01
1.000000000000000056e-01
1.000000000000000056e-01
1.000000000000000056e-01
1.000000000000000056e-01
1.000000000000000056e-01
9.966666666666666730e-02
9.966666666666666730e-02
9.933333333333332904e-02
9.933333333333332904e-02
9.866666666666666641e-02
9.866666666666666641e-02
9.833333333333332815e-02
9.833333333333332815e-02
9.766666666666666552e-02
9.766666666666666552e-02
9.733333333333332726e-02
9.700000000000000289e-02
9.700000000000000289e-02
9.700000000000000289e-02
9.700000000000000289e-02
9.700000000000000289e-02
9.700000000000000289e-02
9.700000000000000289e-02
9.666666666666666463e-02
9.633333333333334025e-02
9.633333333333334025e-02
9.566666666666666374e-02
9.500000000000000111e-02
9.466666666666666285e-02
9.466666666666666285e-02
9.433333333333333848e-02
9.400000000000000022e-02
9.366666666666666197e-02
9.333333333333333759e-02
9.299999999999999933e-02
9.266666666666666108e-02
9.266666666666666108e-02
9.266666666666666108e-02
9.266666666666666108e-02
9.233333333333333670e-02
9.233333333333333670e-02
9.199999999999999845e-02
9.166666666666666019e-02
9.166666666666666019e-02
9.166666666666666019e-02
9.133333333333333581e-02
9.133333333333333581e-02
9.133333333333333581e-02
9.133333333333333581e-02
9.133333333333333581e-02
9.133333333333333581e-02
9.133333333333333581e-02
9.099999999999999756e-02
9.099999999999999756e-02
9.099999999999999756e-02
9.066666666666667318e-02
9.066666666666667318e-02
9.033333333333333492e-02
9.033333333333333492e-02
9.033333333333333492e-02
8.999999999999999667e-02
8.999999999999999667e-02
8.999999999999999667e-02
8.999999999999999667e-02
8.999999999999999667e-02
8.966666666666667229e-02
8.966666666666667229e-02
8.966666666666667229e-02
8.966666666666667229e-02
8.966666666666667229e-02
8.933333333333333404e-02
8.899999999999999578e-02
8.899999999999999578e-02
8.899999999999999578e-02
8.899999999999999578e-02
8.899999999999999578e-02
8.899999999999999578e-02
8.899999999999999578e-02
8.866666666666667140e-02
8.866666666666667140e-02
8.833333333333333315e-02
8.799999999999999489e-02
8.799999999999999489e-02
8.766666666666667052e-02
8.766666666666667052e-02
8.766666666666667052e-02
8.766666666666667052e-02
8.766666666666667052e-02
8.766666666666667052e-02
8.733333333333333226e-02
8.699999999999999400e-02
8.699999999999999400e-02
8.699999999999999400e-02
8.633333333333333137e-02
8.599999999999999312e-02
8.599999999999999312e-02
8.599999999999999312e-02
8.599999999999999312e-02
8.599999999999999312e-02
8.599999999999999312e-02
8.599999999999999312e-02
8.599999999999999312e-02
8.599999999999999312e-02
8.599999999999999312e-02
8.599999999999999312e-02
8.599999999999999312e-02
8.599999999999999312e-02
8.599999999999999312e-02
8.599999999999999312e-02
8.599999999999999312e-02
8.599999999999999312e-02
8.566666666666666874e-02
8.566666666666666874e-02
8.566666666666666874e-02
8.566666666666666874e-02
8.566666666666666874e-02
8.566666666666666874e-02
8.533333333333333048e-02
8.533333333333333048e-02
8.533333333333333048e-02
8.500000000000000611e-02
8.500000000000000611e-02
8.500000000000000611e-02
8.500000000000000611e-02
8.500000000000000611e-02
8.500000000000000611e-02
8.466666666666666785e-02
8.433333333333332960e-02
8.433333333333332960e-02
8.400000000000000522e-02
8.400000000000000522e-02
8.400000000000000522e-02
8.400000000000000522e-02
8.400000000000000522e-02
8.366666666666666696e-02
8.333333333333332871e-02
8.333333333333332871e-02
8.333333333333332871e-02
8.333333333333332871e-02
8.333333333333332871e-02
8.333333333333332871e-02
8.333333333333332871e-02
8.333333333333332871e-02
8.333333333333332871e-02
8.333333333333332871e-02
8.333333333333332871e-02
8.333333333333332871e-02
8.300000000000000433e-02
8.300000000000000433e-02
8.266666666666666607e-02
8.266666666666666607e-02
8.266666666666666607e-02
8.266666666666666607e-02
8.266666666666666607e-02
8.266666666666666607e-02
8.266666666666666607e-02
8.233333333333332782e-02
8.233333333333332782e-02
8.233333333333332782e-02
8.200000000000000344e-02
8.200000000000000344e-02
8.200000000000000344e-02
8.200000000000000344e-02
8.200000000000000344e-02
8.200000000000000344e-02
8.200000000000000344e-02
8.200000000000000344e-02
8.200000000000000344e-02
8.200000000000000344e-02
8.166666666666666519e-02
8.166666666666666519e-02
8.133333333333332693e-02
8.133333333333332693e-02
8.133333333333332693e-02
8.133333333333332693e-02
8.133333333333332693e-02
8.133333333333332693e-02
8.066666666666666430e-02
8.066666666666666430e-02
8.066666666666666430e-02
8.033333333333333992e-02
8.033333333333333992e-02
8.033333333333333992e-02
8.000000000000000167e-02
8.000000000000000167e-02
7.966666666666666341e-02
7.966666666666666341e-02
7.966666666666666341e-02
7.966666666666666341e-02
7.966666666666666341e-02
7.966666666666666341e-02
7.933333333333333903e-02
7.933333333333333903e-02
7.933333333333333903e-02
7.933333333333333903e-02
7.933333333333333903e-02
7.933333333333333903e-02
7.933333333333333903e-02
7.933333333333333903e-02
7.933333333333333903e-02
7.933333333333333903e-02
7.933333333333333903e-02
7.933333333333333903e-02
7.900000000000000078e-02
7.866666666666666252e-02
7.866666666666666252e-02
7.866666666666666252e-02
7.833333333333333814e-02
7.833333333333333814e-02
7.833333333333333814e-02
7.833333333333333814e-02
7.833333333333333814e-02
7.833333333333333814e-02
7.799999999999999989e-02
7.799999999999999989e-02
7.799999999999999989e-02
7.766666666666666163e-02
7.733333333333333726e-02
7.699999999999999900e-02
7.699999999999999900e-02
7.699999999999999900e-02
7.699999999999999900e-02
7.699999999999999900e-02
7.666666666666666075e-02
7.666666666666666075e-02
7.666666666666666075e-02
7.666666666666666075e-02
7.666666666666666075e-02
7.666666666666666075e-02
7.666666666666666075e-02
7.666666666666666075e-02
7.666666666666666075e-02
7.666666666666666075e-02
7.666666666666666075e-02
7.666666666666666075e-02
7.666666666666666075e-02
7.633333333333333637e-02
7.633333333333333637e-02
7.633333333333333637e-02
7.633333333333333637e-02
7.633333333333333637e-02
7.633333333333333637e-02
7.633333333333333637e-02
7.633333333333333637e-02
7.599999999999999811e-02
7.566666666666665986e-02
7.566666666666665986e-02
7.533333333333333548e-02
7.533333333333333548e-02
7.533333333333333548e-02
7.533333333333333548e-02
7.533333333333333548e-02
7.533333333333333548e-02
7.533333333333333548e-02
7.533333333333333548e-02
7.533333333333333548e-02
7.533333333333333548e-02
7.533333333333333548e-02
7.533333333333333548e-02
7.533333333333333548e-02
7.499999999999999722e-02
7.499999999999999722e-02
7.499999999999999722e-02
7.466666666666667285e-02
7.466666666666667285e-02
7.466666666666667285e-02
7.466666666666667285e-02
7.466666666666667285e-02
7.433333333333333459e-02
7.433333333333333459e-02
7.433333333333333459e-02
7.433333333333333459e-02
7.433333333333333459e-02
7.433333333333333459e-02
7.433333333333333459e-02
7.433333333333333459e-02
7.433333333333333459e-02
7.399999999999999634e-02
7.399999999999999634e-02
7.399999999999999634e-02
7.399999999999999634e-02
7.399999999999999634e-02
7.399999999999999634e-02
7.399999999999999634e-02
7.399999999999999634e-02
7.399999999999999634e-02
7.399999999999999634e-02
7.366666666666667196e-02
7.366666666666667196e-02
7.333333333333333370e-02
7.333333333333333370e-02
7.333333333333333370e-02
7.333333333333333370e-02
7.333333333333333370e-02
7.333333333333333370e-02
7.333333333333333370e-02
7.333333333333333370e-02
7.333333333333333370e-02
7.333333333333333370e-02
7.333333333333333370e-02
7.333333333333333370e-02
7.333333333333333370e-02
7.333333333333333370e-02
7.333333333333333370e-02
7.333333333333333370e-02
7.333333333333333370e-02
7.333333333333333370e-02
7.333333333333333370e-02
7.333333333333333370e-02
7.333333333333333370e-02
7.333333333333333370e-02
7.299999999999999545e-02
7.299999999999999545e-02
7.299999999999999545e-02
7.299999999999999545e-02
7.299999999999999545e-02
7.299999999999999545e-02
7.299999999999999545e-02
7.299999999999999545e-02
7.299999999999999545e-02
7.299999999999999545e-02
7.299999999999999545e-02
7.299999999999999545e-02
7.299999999999999545e-02
7.299999999999999545e-02
7.299999999999999545e-02
7.299999999999999545e-02
7.299999999999999545e-02
7.299999999999999545e-02
7.299999999999999545e-02
7.299999999999999545e-02
7.299999999999999545e-02
7.266666666666667107e-02
7.233333333333333282e-02
7.233333333333333282e-02
7.233333333333333282e-02
7.233333333333333282e-02
7.233333333333333282e-02
7.233333333333333282e-02
7.233333333333333282e-02
7.199999999999999456e-02
7.199999999999999456e-02
7.199999999999999456e-02
7.199999999999999456e-02
7.199999999999999456e-02
7.199999999999999456e-02
7.199999999999999456e-02
7.199999999999999456e-02
7.166666666666667018e-02
7.166666666666667018e-02
7.166666666666667018e-02
7.166666666666667018e-02
7.166666666666667018e-02
7.166666666666667018e-02
7.133333333333333193e-02
7.133333333333333193e-02
7.133333333333333193e-02
7.133333333333333193e-02
7.133333333333333193e-02
7.133333333333333193e-02
7.133333333333333193e-02
7.133333333333333193e-02
7.133333333333333193e-02
7.099999999999999367e-02
7.099999999999999367e-02
7.099999999999999367e-02
7.099999999999999367e-02
7.033333333333333104e-02
7.033333333333333104e-02
7.033333333333333104e-02
7.033333333333333104e-02
7.000000000000000666e-02
7.000000000000000666e-02
7.000000000000000666e-02
7.000000000000000666e-02
7.000000000000000666e-02
7.000000000000000666e-02
6.966666666666666841e-02
6.966666666666666841e-02
6.966666666666666841e-02
6.966666666666666841e-02
6.966666666666666841e-02
6.966666666666666841e-02
6.966666666666666841e-02
6.933333333333333015e-02
6.900000000000000577e-02
6.900000000000000577e-02
6.900000000000000577e-02
6.866666666666666752e-02
6.866666666666666752e-02
6.866666666666666752e-02
6.866666666666666752e-02
6.800000000000000488e-02
6.800000000000000488e-02
6.800000000000000488e-02
6.800000000000000488e-02
6.800000000000000488e-02
6.800000000000000488e-02
6.800000000000000488e-02
6.800000000000000488e-02
6.800000000000000488e-02
6.800000000000000488e-02
6.800000000000000488e-02
6.800000000000000488e-02
6.800000000000000488e-02
6.766666666666666663e-02
6.766666666666666663e-02
6.766666666666666663e-02
6.766666666666666663e-02
6.766666666666666663e-02
6.766666666666666663e-02
6.766666666666666663e-02
6.766666666666666663e-02
6.766666666666666663e-02
6.766666666666666663e-02
6.766666666666666663e-02
6.766666666666666663e-02
6.766666666666666663e-02
6.766666666666666663e-02
6.766666666666666663e-02
6.766666666666666663e-02
6.766666666666666663e-02
6.766666666666666663e-02
6.766666666666666663e-02
6.733333333333332837e-02
6.733333333333332837e-02
6.733333333333332837e-02
6.733333333333332837e-02
6.733333333333332837e-02
6.733333333333332837e-02
6.733333333333332837e-02
6.733333333333332837e-02
6.733333333333332837e-02
6.733333333333332837e-02
6.733333333333332837e-02
6.733333333333332837e-02
6.733333333333332837e-02
6.733333333333332837e-02
6.733333333333332837e-02
6.733333333333332837e-02
6.733333333333332837e-02
6.733333333333332837e-02
6.733333333333332837e-02
6.733333333333332837e-02
6.733333333333332837e-02
6.733333333333332837e-02
6.733333333333332837e-02
6.733333333333332837e-02
6.733333333333332837e-02
6.733333333333332837e-02
6.733333333333332837e-02
6.733333333333332837e-02
6.733333333333332837e-02
6.733333333333332837e-02
6.733333333333332837e-02
6.733333333333332837e-02
6.733333333333332837e-02
6.733333333333332837e-02
6.733333333333332837e-02
6.733333333333332837e-02
6.733333333333332837e-02
6.733333333333332837e-02
6.733333333333332837e-02
6.733333333333332837e-02
6.733333333333332837e-02
6.733333333333332837e-02
6.733333333333332837e-02
6.733333333333332837e-02
6.733333333333332837e-02
6.733333333333332837e-02
6.733333333333332837e-02
6.733333333333332837e-02
6.733333333333332837e-02
6.733333333333332837e-02
6.733333333333332837e-02
6.733333333333332837e-02
6.733333333333332837e-02
6.733333333333332837e-02
6.733333333333332837e-02
6.700000000000000400e-02
6.666666666666666574e-02
6.666666666666666574e-02
6.666666666666666574e-02
6.666666666666666574e-02
6.666666666666666574e-02
6.666666666666666574e-02
6.666666666666666574e-02
6.666666666666666574e-02
6.666666666666666574e-02
6.666666666666666574e-02
6.666666666666666574e-02
6.666666666666666574e-02
6.666666666666666574e-02
6.666666666666666574e-02
6.666666666666666574e-02
6.666666666666666574e-02
6.666666666666666574e-02
6.666666666666666574e-02
6.666666666666666574e-02
6.666666666666666574e-02
6.666666666666666574e-02
6.666666666666666574e-02
6.666666666666666574e-02
6.666666666666666574e-02
6.633333333333332749e-02
6.633333333333332749e-02
6.633333333333332749e-02
6.633333333333332749e-02
6.633333333333332749e-02
6.633333333333332749e-02
6.633333333333332749e-02
6.633333333333332749e-02
6.633333333333332749e-02
6.633333333333332749e-02
6.633333333333332749e-02
6.633333333333332749e-02
6.633333333333332749e-02
6.633333333333332749e-02
6.633333333333332749e-02
6.633333333333332749e-02
6.633333333333332749e-02
6.633333333333332749e-02
6.633333333333332749e-02
6.600000000000000311e-02
6.566666666666666485e-02
6.533333333333332660e-02
6.533333333333332660e-02
6.500000000000000222e-02
6.500000000000000222e-02
6.500000000000000222e-02
6.500000000000000222e-02
6.500000000000000222e-02
6.500000000000000222e-02
6.500000000000000222e-02
6.500000000000000222e-02
6.500000000000000222e-02
6.500000000000000222e-02
6.500000000000000222e-02
6.500000000000000222e-02
6.500000000000000222e-02
6.500000000000000222e-02
6.500000000000000222e-02
6.500000000000000222e-02
6.466666666666666397e-02
6.466666666666666397e-02
6.466666666666666397e-02
6.466666666666666397e-02
6.466666666666666397e-02
6.466666666666666397e-02
6.466666666666666397e-02
6.466666666666666397e-02
6.466666666666666397e-02
6.466666666666666397e-02
6.466666666666666397e-02
6.466666666666666397e-02
6.466666666666666397e-02
6.466666666666666397e-02
6.466666666666666397e-02
6.466666666666666397e-02
6.466666666666666397e-02
6.466666666666666397e-02
6.466666666666666397e-02
6.433333333333333959e-02
6.433333333333333959e-02
6.400000000000000133e-02
6.400000000000000133e-02
6.400000000000000133e-02
6.400000000000000133e-02
6.366666666666666308e-02
6.366666666666666308e-02
6.366666666666666308e-02
6.366666666666666308e-02
6.366666666666666308e-02
6.366666666666666308e-02
6.366666666666666308e-02
6.366666666666666308e-02
6.300000000000000044e-02
6.300000000000000044e-02
6.300000000000000044e-02
6.300000000000000044e-02
6.300000000000000044e-02
6.300000000000000044e-02
6.300000000000000044e-02
6.300000000000000044e-02
6.300000000000000044e-02
6.300000000000000044e-02
6.300000000000000044e-02
6.300000000000000044e-02
6.266666666666666219e-02
6.266666666666666219e-02
6.266666666666666219e-02
6.266666666666666219e-02
6.266666666666666219e-02
6.266666666666666219e-02
6.266666666666666219e-02
6.266666666666666219e-02
6.266666666666666219e-02
6.266666666666666219e-02
6.266666666666666219e-02
6.266666666666666219e-02
6.266666666666666219e-02
6.266666666666666219e-02
6.266666666666666219e-02
6.266666666666666219e-02
6.266666666666666219e-02
6.266666666666666219e-02
6.266666666666666219e-02
6.266666666666666219e-02
6.233333333333333087e-02
6.233333333333333087e-02
6.199999999999999956e-02
6.199999999999999956e-02
6.199999999999999956e-02
6.199999999999999956e-02
6.199999999999999956e-02
6.199999999999999956e-02
6.199999999999999956e-02
6.199999999999999956e-02
6.199999999999999956e-02
6.199999999999999956e-02
6.199999999999999956e-02
6.199999999999999956e-02
6.199999999999999956e-02
6.199999999999999956e-02
6.199999999999999956e-02
6.199999999999999956e-02
6.199999999999999956e-02
6.199999999999999956e-02
6.199999999999999956e-02
6.166666666666666824e-02
6.166666666666666824e-02
6.166666666666666824e-02
6.166666666666666824e-02
6.133333333333332998e-02
6.133333333333332998e-02
6.133333333333332998e-02
6.099999999999999867e-02
6.099999999999999867e-02
6.099999999999999867e-02
6.099999999999999867e-02
6.066666666666666735e-02
6.066666666666666735e-02
6.066666666666666735e-02
6.066666666666666735e-02
6.066666666666666735e-02
6.066666666666666735e-02
6.066666666666666735e-02
6.066666666666666735e-02
6.066666666666666735e-02
6.066666666666666735e-02
6.066666666666666735e-02
6.066666666666666735e-02
6.033333333333333603e-02
6.033333333333333603e-02
6.033333333333333603e-02
6.033333333333333603e-02
6.033333333333333603e-02
6.033333333333333603e-02
6.033333333333333603e-02
6.033333333333333603e-02
6.033333333333333603e-02
6.033333333333333603e-02
6.033333333333333603e-02
6.033333333333333603e-02
6.033333333333333603e-02
6.033333333333333603e-02
5.999999999999999778e-02
5.999999999999999778e-02
5.999999999999999778e-02
5.999999999999999778e-02
5.999999999999999778e-02
5.999999999999999778e-02
5.966666666666666646e-02
5.966666666666666646e-02
5.966666666666666646e-02
5.966666666666666646e-02
5.966666666666666646e-02
5.966666666666666646e-02
5.966666666666666646e-02
5.966666666666666646e-02
5.966666666666666646e-02
5.966666666666666646e-02
5.966666666666666646e-02
5.966666666666666646e-02
5.966666666666666646e-02
5.966666666666666646e-02
5.933333333333333515e-02
5.933333333333333515e-02
5.933333333333333515e-02
5.899999999999999689e-02
5.899999999999999689e-02
5.866666666666666557e-02
5.866666666666666557e-02
5.866666666666666557e-02
5.866666666666666557e-02
5.866666666666666557e-02
5.866666666666666557e-02
5.866666666666666557e-02
5.866666666666666557e-02
5.833333333333333426e-02
5.833333333333333426e-02
5.833333333333333426e-02
5.833333333333333426e-02
5.833333333333333426e-02
5.833333333333333426e-02
5.833333333333333426e-02
5.833333333333333426e-02
5.833333333333333426e-02
5.833333333333333426e-02
5.833333333333333426e-02
5.833333333333333426e-02
5.833333333333333426e-02
5.833333333333333426e-02
5.833333333333333426e-02
5.833333333333333426e-02
5.833333333333333426e-02
5.833333333333333426e-02
5.833333333333333426e-02
5.833333333333333426e-02
5.833333333333333426e-02
5.833333333333333426e-02
5.833333333333333426e-02
5.833333333333333426e-02
5.833333333333333426e-02
5.833333333333333426e-02
5.833333333333333426e-02
5.833333333333333426e-02
5.833333333333333426e-02
5.833333333333333426e-02
5.833333333333333426e-02
5.800000000000000294e-02
5.800000000000000294e-02
5.800000000000000294e-02
5.800000000000000294e-02
5.800000000000000294e-02
5.800000000000000294e-02
5.800000000000000294e-02
5.800000000000000294e-02
5.800000000000000294e-02
5.800000000000000294e-02
5.800000000000000294e-02
5.766666666666666469e-02
5.766666666666666469e-02
5.766666666666666469e-02
5.766666666666666469e-02
5.766666666666666469e-02
5.766666666666666469e-02
5.766666666666666469e-02
5.766666666666666469e-02
5.766666666666666469e-02
5.766666666666666469e-02
5.766666666666666469e-02
5.766666666666666469e-02
5.766666666666666469e-02
5.766666666666666469e-02
5.766666666666666469e-02
5.766666666666666469e-02
5.766666666666666469e-02
5.766666666666666469e-02
5.766666666666666469e-02
5.766666666666666469e-02
5.766666666666666469e-02
5.766666666666666469e-02
5.766666666666666469e-02
5.766666666666666469e-02
5.766666666666666469e-02
5.766666666666666469e-02
5.766666666666666469e-02
5.766666666666666469e-02
5.766666666666666469e-02
5.766666666666666469e-02
5.766666666666666469e-02
5.766666666666666469e-02
5.766666666666666469e-02
5.766666666666666469e-02
5.766666666666666469e-02
5.766666666666666469e-02
5.766666666666666469e-02
5.766666666666666469e-02
5.766666666666666469e-02
5.766666666666666469e-02
5.766666666666666469e-02
5.766666666666666469e-02
5.766666666666666469e-02
5.766666666666666469e-02
5.766666666666666469e-02
5.766666666666666469e-02
5.766666666666666469e-02
5.766666666666666469e-02
5.766666666666666469e-02
5.766666666666666469e-02
5.766666666666666469e-02
5.766666666666666469e-02
5.766666666666666469e-02
5.766666666666666469e-02
5.766666666666666469e-02
5.766666666666666469e-02
5.766666666666666469e-02
5.766666666666666469e-02
5.766666666666666469e-02
5.766666666666666469e-02
5.766666666666666469e-02
5.766666666666666469e-02
5.766666666666666469e-02
5.766666666666666469e-02
5.766666666666666469e-02
5.766666666666666469e-02
5.766666666666666469e-02
5.766666666666666469e-02
5.766666666666666469e-02
5.766666666666666469e-02
5.766666666666666469e-02
5.766666666666666469e-02
5.766666666666666469e-02
5.766666666666666469e-02
5.766666666666666469e-02
5.766666666666666469e-02
5.766666666666666469e-02
5.766666666666666469e-02
5.766666666666666469e-02
5.766666666666666469e-02
5.733333333333333337e-02
5.733333333333333337e-02
5.700000000000000205e-02
5.700000000000000205e-02
5.700000000000000205e-02
5.700000000000000205e-02
5.700000000000000205e-02
5.700000000000000205e-02
5.700000000000000205e-02
5.700000000000000205e-02
5.700000000000000205e-02
5.700000000000000205e-02
5.700000000000000205e-02
5.700000000000000205e-02
5.700000000000000205e-02
5.700000000000000205e-02
5.700000000000000205e-02
5.700000000000000205e-02
5.700000000000000205e-02
5.700000000000000205e-02
5.700000000000000205e-02
5.700000000000000205e-02
5.700000000000000205e-02
5.700000000000000205e-02
5.700000000000000205e-02
5.700000000000000205e-02
5.700000000000000205e-02
5.700000000000000205e-02
5.666666666666666380e-02
5.666666666666666380e-02
5.666666666666666380e-02
5.666666666666666380e-02
5.666666666666666380e-02
5.666666666666666380e-02
5.666666666666666380e-02
5.666666666666666380e-02
5.666666666666666380e-02
5.666666666666666380e-02
5.666666666666666380e-02
5.666666666666666380e-02
5.633333333333333248e-02
5.633333333333333248e-02
5.633333333333333248e-02
5.633333333333333248e-02
5.633333333333333248e-02
5.633333333333333248e-02
5.600000000000000117e-02
5.566666666666666985e-02
5.566666666666666985e-02
5.566666666666666985e-02
5.566666666666666985e-02
5.566666666666666985e-02
5.566666666666666985e-02
5.566666666666666985e-02
5.566666666666666985e-02
5.566666666666666985e-02
5.566666666666666985e-02
5.566666666666666985e-02
5.566666666666666985e-02
5.533333333333333159e-02
5.533333333333333159e-02
5.533333333333333159e-02
5.533333333333333159e-02
5.500000000000000028e-02
5.500000000000000028e-02
5.500000000000000028e-02
5.500000000000000028e-02
5.500000000000000028e-02
5.500000000000000028e-02
5.500000000000000028e-02
5.500000000000000028e-02
5.500000000000000028e-02
5.500000000000000028e-02
5.500000000000000028e-02
5.500000000000000028e-02
5.500000000000000028e-02
5.500000000000000028e-02
5.500000000000000028e-02
5.500000000000000028e-02
5.500000000000000028e-02
5.500000000000000028e-02
5.500000000000000028e-02
5.500000000000000028e-02
5.500000000000000028e-02
5.500000000000000028e-02
5.500000000000000028e-02
5.500000000000000028e-02
5.500000000000000028e-02
5.500000000000000028e-02
5.500000000000000028e-02
5.500000000000000028e-02
5.500000000000000028e-02
5.500000000000000028e-02
5.500000000000000028e-02
5.466666666666666896e-02
5.466666666666666896e-02
5.466666666666666896e-02
5.466666666666666896e-02
5.466666666666666896e-02
5.466666666666666896e-02
5.466666666666666896e-02
5.466666666666666896e-02
5.466666666666666896e-02
5.466666666666666896e-02
5.466666666666666896e-02
5.466666666666666896e-02
5.466666666666666896e-02
5.466666666666666896e-02
5.466666666666666896e-02
5.466666666666666896e-02
5.466666666666666896e-02
5.466666666666666896e-02
5.466666666666666896e-02
5.466666666666666896e-02
5.466666666666666896e-02
5.466666666666666896e-02
5.466666666666666896e-02
5.466666666666666896e-02
5.466666666666666896e-02
5.466666666666666896e-02
5.466666666666666896e-02
5.466666666666666896e-02
5.466666666666666896e-02
5.466666666666666896e-02
5.466666666666666896e-02
5.433333333333333071e-02
5.433333333333333071e-02
5.433333333333333071e-02
5.433333333333333071e-02
5.433333333333333071e-02
5.433333333333333071e-02
5.433333333333333071e-02
5.433333333333333071e-02
5.433333333333333071e-02
5.433333333333333071e-02
5.433333333333333071e-02
5.433333333333333071e-02
5.433333333333333071e-02
5.433333333333333071e-02
5.433333333333333071e-02
5.433333333333333071e-02
5.433333333333333071e-02
5.433333333333333071e-02
5.433333333333333071e-02
5.433333333333333071e-02
5.433333333333333071e-02
5.433333333333333071e-02
5.433333333333333071e-02
5.433333333333333071e-02
5.433333333333333071e-02
5.433333333333333071e-02
5.433333333333333071e-02
5.433333333333333071e-02
5.433333333333333071e-02
5.433333333333333071e-02
5.433333333333333071e-02
5.433333333333333071e-02
5.433333333333333071e-02
5.433333333333333071e-02
5.433333333333333071e-02
5.433333333333333071e-02
5.433333333333333071e-02
5.433333333333333071e-02
5.433333333333333071e-02
5.433333333333333071e-02
5.399999999999999939e-02
5.399999999999999939e-02
5.399999999999999939e-02
5.399999999999999939e-02
5.399999999999999939e-02
5.399999999999999939e-02
5.399999999999999939e-02
5.399999999999999939e-02
5.399999999999999939e-02
5.399999999999999939e-02
5.399999999999999939e-02
5.399999999999999939e-02
5.399999999999999939e-02
5.399999999999999939e-02
5.399999999999999939e-02
5.399999999999999939e-02
5.399999999999999939e-02
5.399999999999999939e-02
5.399999999999999939e-02
5.399999999999999939e-02
5.399999999999999939e-02
5.399999999999999939e-02
5.399999999999999939e-02
5.399999999999999939e-02
5.399999999999999939e-02
5.399999999999999939e-02
5.399999999999999939e-02
5.399999999999999939e-02
5.399999999999999939e-02
5.399999999999999939e-02
5.399999999999999939e-02
5.399999999999999939e-02
5.399999999999999939e-02
5.399999999999999939e-02
5.399999999999999939e-02
5.366666666666666807e-02
5.366666666666666807e-02
5.366666666666666807e-02
5.366666666666666807e-02
5.366666666666666807e-02
5.366666666666666807e-02
5.366666666666666807e-02
5.366666666666666807e-02
5.366666666666666807e-02
5.366666666666666807e-02
5.366666666666666807e-02
5.366666666666666807e-02
5.366666666666666807e-02
5.366666666666666807e-02
5.366666666666666807e-02
5.366666666666666807e-02
5.366666666666666807e-02
5.366666666666666807e-02
5.366666666666666807e-02
5.366666666666666807e-02
5.366666666666666807e-02
5.366666666666666807e-02
5.366666666666666807e-02
5.333333333333333676e-02
5.333333333333333676e-02
5.333333333333333676e-02
5.333333333333333676e-02
5.333333333333333676e-02
5.333333333333333676e-02
5.333333333333333676e-02
5.333333333333333676e-02
5.333333333333333676e-02
5.333333333333333676e-02
5.333333333333333676e-02
5.333333333333333676e-02
5.333333333333333676e-02
5.333333333333333676e-02
5.333333333333333676e-02
5.333333333333333676e-02
5.333333333333333676e-02
5.333333333333333676e-02
5.333333333333333676e-02
5.333333333333333676e-02
5.333333333333333676e-02
5.333333333333333676e-02
5.333333333333333676e-02
5.333333333333333676e-02
5.333333333333333676e-02
5.333333333333333676e-02
5.333333333333333676e-02
5.333333333333333676e-02
5.333333333333333676e-02
5.333333333333333676e-02
5.333333333333333676e-02
5.299999999999999850e-02
5.299999999999999850e-02
5.299999999999999850e-02
5.299999999999999850e-02
5.299999999999999850e-02
5.299999999999999850e-02
5.299999999999999850e-02
5.299999999999999850e-02
5.299999999999999850e-02
5.299999999999999850e-02
5.299999999999999850e-02
5.299999999999999850e-02
5.299999999999999850e-02
5.299999999999999850e-02
5.299999999999999850e-02
5.299999999999999850e-02
5.299999999999999850e-02
5.299999999999999850e-02
5.299999999999999850e-02
5.299999999999999850e-02
5.299999999999999850e-02
5.266666666666666718e-02
5.266666666666666718e-02
5.266666666666666718e-02
5.266666666666666718e-02
5.266666666666666718e-02
5.266666666666666718e-02
5.266666666666666718e-02
5.266666666666666718e-02
5.266666666666666718e-02
5.233333333333333587e-02
5.233333333333333587e-02
5.233333333333333587e-02
5.233333333333333587e-02
5.233333333333333587e-02
5.233333333333333587e-02
5.233333333333333587e-02
5.233333333333333587e-02
5.233333333333333587e-02
5.233333333333333587e-02
5.233333333333333587e-02
5.233333333333333587e-02
5.233333333333333587e-02
5.233333333333333587e-02
5.233333333333333587e-02
5.233333333333333587e-02
5.233333333333333587e-02
5.233333333333333587e-02
5.233333333333333587e-02
5.233333333333333587e-02
5.233333333333333587e-02
5.233333333333333587e-02
5.233333333333333587e-02
5.233333333333333587e-02
5.233333333333333587e-02
5.233333333333333587e-02
5.233333333333333587e-02
5.233333333333333587e-02
5.233333333333333587e-02
5.233333333333333587e-02
5.233333333333333587e-02
5.233333333333333587e-02
5.199999999999999761e-02
5.199999999999999761e-02
5.199999999999999761e-02
5.199999999999999761e-02
5.199999999999999761e-02
5.199999999999999761e-02
5.199999999999999761e-02
5.199999999999999761e-02
5.199999999999999761e-02
5.199999999999999761e-02
5.199999999999999761e-02
5.199999999999999761e-02
5.199999999999999761e-02
5.199999999999999761e-02
5.199999999999999761e-02
5.199999999999999761e-02
5.199999999999999761e-02
5.199999999999999761e-02
5.199999999999999761e-02
5.199999999999999761e-02
5.199999999999999761e-02
5.199999999999999761e-02
5.199999999999999761e-02
5.199999999999999761e-02
5.199999999999999761e-02
5.199999999999999761e-02
5.199999999999999761e-02
5.199999999999999761e-02
5.199999999999999761e-02
5.199999999999999761e-02
5.199999999999999761e-02
5.199999999999999761e-02
5.199999999999999761e-02
5.199999999999999761e-02
5.199999999999999761e-02
5.199999999999999761e-02
5.199999999999999761e-02
5.199999999999999761e-02
5.199999999999999761e-02
5.199999999999999761e-02
5.199999999999999761e-02
5.199999999999999761e-02
5.199999999999999761e-02
5.199999999999999761e-02
5.199999999999999761e-02
5.199999999999999761e-02
5.199999999999999761e-02
5.199999999999999761e-02
5.199999999999999761e-02
5.199999999999999761e-02
5.199999999999999761e-02
5.199999999999999761e-02
5.199999999999999761e-02
5.199999999999999761e-02
5.199999999999999761e-02
5.199999999999999761e-02
5.199999999999999761e-02
5.199999999999999761e-02
5.199999999999999761e-02
5.199999999999999761e-02
5.199999999999999761e-02
5.199999999999999761e-02
5.199999999999999761e-02
5.199999999999999761e-02
5.199999999999999761e-02
5.199999999999999761e-02
5.199999999999999761e-02
5.199999999999999761e-02
5.199999999999999761e-02
5.199999999999999761e-02
5.199999999999999761e-02
5.199999999999999761e-02
5.199999999999999761e-02
5.199999999999999761e-02
5.199999999999999761e-02
5.199999999999999761e-02
5.199999999999999761e-02
5.199999999999999761e-02
5.166666666666666630e-02
5.166666666666666630e-02
5.166666666666666630e-02
5.166666666666666630e-02
5.166666666666666630e-02
5.166666666666666630e-02
5.166666666666666630e-02
5.166666666666666630e-02
5.166666666666666630e-02
5.166666666666666630e-02
5.166666666666666630e-02
5.166666666666666630e-02
5.166666666666666630e-02
5.166666666666666630e-02
5.133333333333333498e-02
5.099999999999999672e-02
5.099999999999999672e-02
5.099999999999999672e-02
5.099999999999999672e-02
5.099999999999999672e-02
5.099999999999999672e-02
5.099999999999999672e-02
5.099999999999999672e-02
5.099999999999999672e-02
5.099999999999999672e-02
5.099999999999999672e-02
5.099999999999999672e-02
5.099999999999999672e-02
5.099999999999999672e-02
5.066666666666666541e-02
5.066666666666666541e-02
5.066666666666666541e-02
5.066666666666666541e-02
5.066666666666666541e-02
5.066666666666666541e-02
5.066666666666666541e-02
5.066666666666666541e-02
5.066666666666666541e-02
5.066666666666666541e-02
5.033333333333333409e-02
5.000000000000000278e-02
5.000000000000000278e-02
5.000000000000000278e-02
4.966666666666666452e-02
4.966666666666666452e-02
4.966666666666666452e-02
4.966666666666666452e-02
4.966666666666666452e-02
4.966666666666666452e-02
4.966666666666666452e-02
4.966666666666666452e-02
4.966666666666666452e-02
4.966666666666666452e-02
4.966666666666666452e-02
4.966666666666666452e-02
4.966666666666666452e-02
4.966666666666666452e-02
4.966666666666666452e-02
4.966666666666666452e-02
4.966666666666666452e-02
4.966666666666666452e-02
4.966666666666666452e-02
4.966666666666666452e-02
4.966666666666666452e-02
4.966666666666666452e-02
4.933333333333333320e-02
4.933333333333333320e-02
4.933333333333333320e-02
4.933333333333333320e-02
4.900000000000000189e-02
4.900000000000000189e-02
4.900000000000000189e-02
4.900000000000000189e-02
4.900000000000000189e-02
4.900000000000000189e-02
4.900000000000000189e-02
4.900000000000000189e-02
4.900000000000000189e-02
4.900000000000000189e-02
4.900000000000000189e-02
4.900000000000000189e-02
4.900000000000000189e-02
4.900000000000000189e-02
4.900000000000000189e-02
4.900000000000000189e-02
4.900000000000000189e-02
4.900000000000000189e-02
4.900000000000000189e-02
4.900000000000000189e-02
4.900000000000000189e-02
4.900000000000000189e-02
4.900000000000000189e-02
4.900000000000000189e-02
4.900000000000000189e-02
4.900000000000000189e-02
4.900000000000000189e-02
4.900000000000000189e-02
4.900000000000000189e-02
4.900000000000000189e-02
4.900000000000000189e-02
4.900000000000000189e-02
4.900000000000000189e-02
4.900000000000000189e-02
4.900000000000000189e-02
4.900000000000000189e-02
4.900000000000000189e-02
4.900000000000000189e-02
4.900000000000000189e-02
4.900000000000000189e-02
4.900000000000000189e-02
4.900000000000000189e-02
4.900000000000000189e-02
4.900000000000000189e-02
4.900000000000000189e-02
4.900000000000000189e-02
4.900000000000000189e-02
4.900000000000000189e-02
4.900000000000000189e-02
4.900000000000000189e-02
4.900000000000000189e-02
4.900000000000000189e-02
4.900000000000000189e-02
4.900000000000000189e-02
4.900000000000000189e-02
4.900000000000000189e-02
4.900000000000000189e-02
4.900000000000000189e-02
4.900000000000000189e-02
4.900000000000000189e-02
4.900000000000000189e-02
4.900000000000000189e-02
4.900000000000000189e-02
4.900000000000000189e-02
4.900000000000000189e-02
4.900000000000000189e-02
4.900000000000000189e-02
4.900000000000000189e-02
4.900000000000000189e-02
4.866666666666666363e-02
4.866666666666666363e-02
4.866666666666666363e-02
4.866666666666666363e-02
4.866666666666666363e-02
4.866666666666666363e-02
4.866666666666666363e-02
4.866666666666666363e-02
4.866666666666666363e-02
4.866666666666666363e-02
4.866666666666666363e-02
4.866666666666666363e-02
4.866666666666666363e-02
4.866666666666666363e-02
4.833333333333333232e-02
4.833333333333333232e-02
4.833333333333333232e-02
4.833333333333333232e-02
4.833333333333333232e-02
4.833333333333333232e-02
4.833333333333333232e-02
4.833333333333333232e-02
4.833333333333333232e-02
4.833333333333333232e-02
4.833333333333333232e-02
4.833333333333333232e-02
4.833333333333333232e-02
4.833333333333333232e-02
4.833333333333333232e-02
4.833333333333333232e-02
4.833333333333333232e-02
4.833333333333333232e-02
4.833333333333333232e-02
4.833333333333333232e-02
4.833333333333333232e-02
4.833333333333333232e-02
4.833333333333333232e-02
4.833333333333333232e-02
4.833333333333333232e-02
4.833333333333333232e-02
4.800000000000000100e-02
4.800000000000000100e-02
4.800000000000000100e-02
4.800000000000000100e-02
4.800000000000000100e-02
4.800000000000000100e-02
4.800000000000000100e-02
4.800000000000000100e-02
4.800000000000000100e-02
4.800000000000000100e-02
4.800000000000000100e-02
4.800000000000000100e-02
4.800000000000000100e-02
4.800000000000000100e-02
4.800000000000000100e-02
4.800000000000000100e-02
4.800000000000000100e-02
4.800000000000000100e-02
4.800000000000000100e-02
4.800000000000000100e-02
4.800000000000000100e-02
4.800000000000000100e-02
4.800000000000000100e-02
4.800000000000000100e-02
4.800000000000000100e-02
4.800000000000000100e-02
4.800000000000000100e-02
4.800000000000000100e-02
4.800000000000000100e-02
4.800000000000000100e-02
4.800000000000000100e-02
4.800000000000000100e-02
4.800000000000000100e-02
4.800000000000000100e-02
4.800000000000000100e-02
4.800000000000000100e-02
4.800000000000000100e-02
4.800000000000000100e-02
4.800000000000000100e-02
4.800000000000000100e-02
4.766666666666666968e-02
4.766666666666666968e-02
4.766666666666666968e-02
4.766666666666666968e-02
4.766666666666666968e-02
4.766666666666666968e-02
4.766666666666666968e-02
4.766666666666666968e-02
4.766666666666666968e-02
4.766666666666666968e-02
4.766666666666666968e-02
4.766666666666666968e-02
4.766666666666666968e-02
4.766666666666666968e-02
4.766666666666666968e-02
4.766666666666666968e-02
4.766666666666666968e-02
4.766666666666666968e-02
4.766666666666666968e-02
4.766666666666666968e-02
4.766666666666666968e-02
4.766666666666666968e-02
4.766666666666666968e-02
4.766666666666666968e-02
4.766666666666666968e-02
4.766666666666666968e-02
4.766666666666666968e-02
4.766666666666666968e-02
4.766666666666666968e-02
4.766666666666666968e-02
4.766666666666666968e-02
4.766666666666666968e-02
4.766666666666666968e-02
4.766666666666666968e-02
4.766666666666666968e-02
4.766666666666666968e-02
4.766666666666666968e-02
4.766666666666666968e-02
4.766666666666666968e-02
4.766666666666666968e-02
4.766666666666666968e-02
4.766666666666666968e-02
4.766666666666666968e-02
4.766666666666666968e-02
4.733333333333333143e-02
4.733333333333333143e-02
4.733333333333333143e-02
4.733333333333333143e-02
4.733333333333333143e-02
4.733333333333333143e-02
4.733333333333333143e-02
4.733333333333333143e-02
4.733333333333333143e-02
4.733333333333333143e-02
4.733333333333333143e-02
4.733333333333333143e-02
4.733333333333333143e-02
4.733333333333333143e-02
4.733333333333333143e-02
4.733333333333333143e-02
4.733333333333333143e-02
4.733333333333333143e-02
4.733333333333333143e-02
4.733333333333333143e-02
4.733333333333333143e-02
4.733333333333333143e-02
4.733333333333333143e-02
4.733333333333333143e-02
4.733333333333333143e-02
4.733333333333333143e-02
4.733333333333333143e-02
4.733333333333333143e-02
4.733333333333333143e-02
4.733333333333333143e-02
4.733333333333333143e-02
4.733333333333333143e-02
4.733333333333333143e-02
4.733333333333333143e-02
4.733333333333333143e-02
4.700000000000000011e-02
4.700000000000000011e-02
4.700000000000000011e-02
4.700000000000000011e-02
4.700000000000000011e-02
4.700000000000000011e-02
4.700000000000000011e-02
4.700000000000000011e-02
4.700000000000000011e-02
4.700000000000000011e-02
4.700000000000000011e-02
4.700000000000000011e-02
4.700000000000000011e-02
4.700000000000000011e-02
4.700000000000000011e-02
4.700000000000000011e-02
4.700000000000000011e-02
4.700000000000000011e-02
4.700000000000000011e-02
4.700000000000000011e-02
4.700000000000000011e-02
4.700000000000000011e-02
4.700000000000000011e-02
4.700000000000000011e-02
4.700000000000000011e-02
4.700000000000000011e-02
4.700000000000000011e-02
4.666666666666666879e-02
4.666666666666666879e-02
4.666666666666666879e-02
4.666666666666666879e-02
4.666666666666666879e-02
4.666666666666666879e-02
4.666666666666666879e-02
4.666666666666666879e-02
4.666666666666666879e-02
4.666666666666666879e-02
4.666666666666666879e-02
4.666666666666666879e-02
4.666666666666666879e-02
4.666666666666666879e-02
4.666666666666666879e-02
4.666666666666666879e-02
4.666666666666666879e-02
4.666666666666666879e-02
4.666666666666666879e-02
4.666666666666666879e-02
4.666666666666666879e-02
4.666666666666666879e-02
4.666666666666666879e-02
4.666666666666666879e-02
4.666666666666666879e-02
4.666666666666666879e-02
4.666666666666666879e-02
4.666666666666666879e-02
4.666666666666666879e-02
4.666666666666666879e-02
4.666666666666666879e-02
4.666666666666666879e-02
4.666666666666666879e-02
4.666666666666666879e-02
4.666666666666666879e-02
4.666666666666666879e-02
4.666666666666666879e-02
4.666666666666666879e-02
4.666666666666666879e-02
4.666666666666666879e-02
4.666666666666666879e-02
4.666666666666666879e-02
4.666666666666666879e-02
4.633333333333333054e-02
4.633333333333333054e-02
4.633333333333333054e-02
4.633333333333333054e-02
4.633333333333333054e-02
4.633333333333333054e-02
4.633333333333333054e-02
4.633333333333333054e-02
4.633333333333333054e-02
4.599999999999999922e-02
4.599999999999999922e-02
4.599999999999999922e-02
4.599999999999999922e-02
4.599999999999999922e-02
4.599999999999999922e-02
4.599999999999999922e-02
4.599999999999999922e-02
4.599999999999999922e-02
4.599999999999999922e-02
4.599999999999999922e-02
4.599999999999999922e-02
4.599999999999999922e-02
4.599999999999999922e-02
4.599999999999999922e-02
4.599999999999999922e-02
4.599999999999999922e-02
4.599999999999999922e-02
4.566666666666666791e-02
4.566666666666666791e-02
4.566666666666666791e-02
4.566666666666666791e-02
4.566666666666666791e-02
4.566666666666666791e-02
4.566666666666666791e-02
4.566666666666666791e-02
4.566666666666666791e-02
4.566666666666666791e-02
4.566666666666666791e-02
4.566666666666666791e-02
4.566666666666666791e-02
4.566666666666666791e-02
4.566666666666666791e-02
4.566666666666666791e-02
4.566666666666666791e-02
4.566666666666666791e-02
4.566666666666666791e-02
4.566666666666666791e-02
4.566666666666666791e-02
4.566666666666666791e-02
4.566666666666666791e-02
4.566666666666666791e-02
4.566666666666666791e-02
4.566666666666666791e-02
4.566666666666666791e-02
4.566666666666666791e-02
4.566666666666666791e-02
4.566666666666666791e-02
4.566666666666666791e-02
4.566666666666666791e-02
4.566666666666666791e-02
4.566666666666666791e-02
4.533333333333333659e-02
4.533333333333333659e-02
4.533333333333333659e-02
4.533333333333333659e-02
4.533333333333333659e-02
4.533333333333333659e-02
4.533333333333333659e-02
4.533333333333333659e-02
4.533333333333333659e-02
4.533333333333333659e-02
4.533333333333333659e-02
4.533333333333333659e-02
4.533333333333333659e-02
4.533333333333333659e-02
4.533333333333333659e-02
4.533333333333333659e-02
4.533333333333333659e-02
4.533333333333333659e-02
4.533333333333333659e-02
4.533333333333333659e-02
4.533333333333333659e-02
4.533333333333333659e-02
4.533333333333333659e-02
4.533333333333333659e-02
4.533333333333333659e-02
4.533333333333333659e-02
4.533333333333333659e-02
4.533333333333333659e-02
4.533333333333333659e-02
4.533333333333333659e-02
4.533333333333333659e-02
4.533333333333333659e-02
4.533333333333333659e-02
4.533333333333333659e-02
4.533333333333333659e-02
4.533333333333333659e-02
4.533333333333333659e-02
4.533333333333333659e-02
4.533333333333333659e-02
4.533333333333333659e-02
4.533333333333333659e-02
4.533333333333333659e-02
4.533333333333333659e-02
4.533333333333333659e-02
4.533333333333333659e-02
4.533333333333333659e-02
4.533333333333333659e-02
4.533333333333333659e-02
4.533333333333333659e-02
4.533333333333333659e-02
4.533333333333333659e-02
4.533333333333333659e-02
4.533333333333333659e-02
4.533333333333333659e-02
4.533333333333333659e-02
4.533333333333333659e-02
4.533333333333333659e-02
4.533333333333333659e-02
4.533333333333333659e-02
4.533333333333333659e-02
4.533333333333333659e-02
4.533333333333333659e-02
4.533333333333333659e-02
4.533333333333333659e-02
4.533333333333333659e-02
4.533333333333333659e-02
4.533333333333333659e-02
4.533333333333333659e-02
4.533333333333333659e-02
4.533333333333333659e-02
4.533333333333333659e-02
4.533333333333333659e-02
4.499999999999999833e-02
4.499999999999999833e-02
4.499999999999999833e-02
4.499999999999999833e-02
4.466666666666666702e-02
4.466666666666666702e-02
4.466666666666666702e-02
4.466666666666666702e-02
4.466666666666666702e-02
4.466666666666666702e-02
4.466666666666666702e-02
4.466666666666666702e-02
4.466666666666666702e-02
4.466666666666666702e-02
4.466666666666666702e-02
4.466666666666666702e-02
4.466666666666666702e-02
4.466666666666666702e-02
4.466666666666666702e-02
4.466666666666666702e-02
4.466666666666666702e-02
4.466666666666666702e-02
4.466666666666666702e-02
4.466666666666666702e-02
4.466666666666666702e-02
4.466666666666666702e-02
4.466666666666666702e-02
4.466666666666666702e-02
4.466666666666666702e-02
4.466666666666666702e-02
4.466666666666666702e-02
4.466666666666666702e-02
4.466666666666666702e-02
4.466666666666666702e-02
4.466666666666666702e-02
4.466666666666666702e-02
4.466666666666666702e-02
4.466666666666666702e-02
4.466666666666666702e-02
4.466666666666666702e-02
4.466666666666666702e-02
4.466666666666666702e-02
4.466666666666666702e-02
4.466666666666666702e-02
4.466666666666666702e-02
4.466666666666666702e-02
4.466666666666666702e-02
4.466666666666666702e-02
4.466666666666666702e-02
4.466666666666666702e-02
4.466666666666666702e-02
4.466666666666666702e-02
4.466666666666666702e-02
4.466666666666666702e-02
4.466666666666666702e-02
4.466666666666666702e-02
4.466666666666666702e-02
4.466666666666666702e-02
4.466666666666666702e-02
4.466666666666666702e-02
4.466666666666666702e-02
4.466666666666666702e-02
4.466666666666666702e-02
4.466666666666666702e-02
4.466666666666666702e-02
4.466666666666666702e-02
4.466666666666666702e-02
4.466666666666666702e-02
4.466666666666666702e-02
4.466666666666666702e-02
4.466666666666666702e-02
4.466666666666666702e-02
4.466666666666666702e-02
4.466666666666666702e-02
4.466666666666666702e-02
4.466666666666666702e-02
4.466666666666666702e-02
4.466666666666666702e-02
4.466666666666666702e-02
4.466666666666666702e-02
4.466666666666666702e-02
4.466666666666666702e-02
4.466666666666666702e-02
4.466666666666666702e-02
4.466666666666666702e-02
4.466666666666666702e-02
4.466666666666666702e-02
4.466666666666666702e-02
4.466666666666666702e-02
4.466666666666666702e-02
4.466666666666666702e-02
4.466666666666666702e-02
4.466666666666666702e-02
4.466666666666666702e-02
4.466666666666666702e-02
4.466666666666666702e-02
4.466666666666666702e-02
4.466666666666666702e-02
4.466666666666666702e-02
4.466666666666666702e-02
