6.156666666666666954e-01
6.156666666666666954e-01
6.129999999999999893e-01
5.999999999999999778e-01
5.783333333333333659e-01
5.566666666666666430e-01
5.366666666666666252e-01
5.223333333333333162e-01
5.070000000000000062e-01
4.973333333333333495e-01
4.876666666666666927e-01
4.799999999999999822e-01
4.729999999999999760e-01
4.689999999999999725e-01
4.633333333333333193e-01
4.596666666666666679e-01
4.550000000000000155e-01
4.520000000000000129e-01
4.493333333333333068e-01
4.473333333333333606e-01
4.460000000000000075e-01
4.440000000000000058e-01
4.403333333333333544e-01
4.369999999999999996e-01
4.339999999999999969e-01
4.319999999999999951e-01
4.286666666666666403e-01
4.279999999999999916e-01
4.239999999999999880e-01
4.229999999999999871e-01
4.219999999999999862e-01
4.196666666666666878e-01
4.183333333333333348e-01
4.169999999999999818e-01
4.156666666666666843e-01
4.136666666666666825e-01
4.126666666666666816e-01
4.109999999999999765e-01
4.103333333333333277e-01
4.086666666666666781e-01
4.076666666666666772e-01
4.069999999999999729e-01
4.063333333333333242e-01
4.046666666666666745e-01
4.033333333333333215e-01
4.023333333333333206e-01
4.010000000000000231e-01
4.003333333333333188e-01
3.990000000000000213e-01
3.980000000000000204e-01
3.963333333333333153e-01
3.950000000000000178e-01
3.936666666666666647e-01
3.926666666666666639e-01
3.913333333333333108e-01
3.893333333333333091e-01
3.880000000000000115e-01
3.876666666666666594e-01
3.860000000000000098e-01
3.850000000000000089e-01
3.846666666666666567e-01
3.846666666666666567e-01
3.833333333333333592e-01
3.820000000000000062e-01
3.813333333333333575e-01
3.806666666666666532e-01
3.793333333333333557e-01
3.786666666666666514e-01
3.786666666666666514e-01
3.780000000000000027e-01
3.766666666666666496e-01
3.766666666666666496e-01
3.756666666666666488e-01
3.750000000000000000e-01
3.736666666666666470e-01
3.733333333333333504e-01
3.729999999999999982e-01
3.719999999999999973e-01
3.719999999999999973e-01
3.713333333333333486e-01
3.706666666666666443e-01
3.706666666666666443e-01
3.703333333333333477e-01
3.699999999999999956e-01
3.699999999999999956e-01
3.696666666666666434e-01
3.693333333333333468e-01
3.686666666666666425e-01
3.683333333333333459e-01
3.679999999999999938e-01
3.669999999999999929e-01
3.669999999999999929e-01
3.666666666666666408e-01
3.659999999999999920e-01
3.659999999999999920e-01
3.656666666666666399e-01
3.646666666666666390e-01
3.639999999999999902e-01
3.633333333333333415e-01
3.629999999999999893e-01
3.629999999999999893e-01
3.629999999999999893e-01
3.626666666666666927e-01
3.626666666666666927e-01
3.616666666666666918e-01
3.609999999999999876e-01
3.609999999999999876e-01
3.606666666666666909e-01
3.599999999999999867e-01
3.599999999999999867e-01
3.599999999999999867e-01
3.599999999999999867e-01
3.596666666666666901e-01
3.593333333333333379e-01
3.593333333333333379e-01
3.593333333333333379e-01
3.589999999999999858e-01
3.586666666666666892e-01
3.579999999999999849e-01
3.579999999999999849e-01
3.573333333333333361e-01
3.569999999999999840e-01
3.569999999999999840e-01
3.569999999999999840e-01
3.559999999999999831e-01
3.549999999999999822e-01
3.549999999999999822e-01
3.549999999999999822e-01
3.546666666666666856e-01
3.543333333333333335e-01
3.536666666666666847e-01
3.533333333333333326e-01
3.529999999999999805e-01
3.529999999999999805e-01
3.526666666666666838e-01
3.526666666666666838e-01
3.523333333333333317e-01
3.523333333333333317e-01
3.523333333333333317e-01
3.519999999999999796e-01
3.516666666666666829e-01
3.513333333333333308e-01
3.513333333333333308e-01
3.513333333333333308e-01
3.509999999999999787e-01
3.506666666666666821e-01
3.506666666666666821e-01
3.506666666666666821e-01
3.506666666666666821e-01
3.503333333333333299e-01
3.496666666666666812e-01
3.496666666666666812e-01
3.496666666666666812e-01
3.496666666666666812e-01
3.493333333333333290e-01
3.489999999999999769e-01
3.489999999999999769e-01
3.489999999999999769e-01
3.486666666666666803e-01
3.486666666666666803e-01
3.486666666666666803e-01
3.483333333333333282e-01
3.483333333333333282e-01
3.479999999999999760e-01
3.473333333333333273e-01
3.473333333333333273e-01
3.473333333333333273e-01
3.473333333333333273e-01
3.473333333333333273e-01
3.473333333333333273e-01
3.473333333333333273e-01
3.473333333333333273e-01
3.473333333333333273e-01
3.473333333333333273e-01
3.473333333333333273e-01
3.473333333333333273e-01
3.473333333333333273e-01
3.473333333333333273e-01
3.473333333333333273e-01
3.469999999999999751e-01
3.469999999999999751e-01
3.469999999999999751e-01
3.469999999999999751e-01
3.469999999999999751e-01
3.459999999999999742e-01
3.459999999999999742e-01
3.456666666666666776e-01
3.449999999999999734e-01
3.449999999999999734e-01
3.446666666666666767e-01
3.446666666666666767e-01
3.446666666666666767e-01
3.446666666666666767e-01
3.446666666666666767e-01
3.446666666666666767e-01
3.446666666666666767e-01
3.446666666666666767e-01
3.446666666666666767e-01
3.439999999999999725e-01
3.433333333333333237e-01
3.430000000000000271e-01
3.426666666666666750e-01
3.423333333333333228e-01
3.423333333333333228e-01
3.423333333333333228e-01
3.423333333333333228e-01
3.423333333333333228e-01
3.423333333333333228e-01
3.420000000000000262e-01
3.420000000000000262e-01
3.420000000000000262e-01
3.420000000000000262e-01
3.416666666666666741e-01
3.416666666666666741e-01
3.416666666666666741e-01
3.413333333333333219e-01
3.413333333333333219e-01
3.413333333333333219e-01
3.413333333333333219e-01
3.413333333333333219e-01
3.413333333333333219e-01
3.413333333333333219e-01
3.413333333333333219e-01
3.413333333333333219e-01
3.413333333333333219e-01
3.413333333333333219e-01
3.413333333333333219e-01
3.410000000000000253e-01
3.410000000000000253e-01
3.410000000000000253e-01
3.406666666666666732e-01
3.406666666666666732e-01
3.406666666666666732e-01
3.403333333333333210e-01
3.403333333333333210e-01
3.400000000000000244e-01
3.400000000000000244e-01
3.400000000000000244e-01
3.400000000000000244e-01
3.400000000000000244e-01
3.393333333333333202e-01
3.393333333333333202e-01
3.393333333333333202e-01
3.390000000000000235e-01
3.390000000000000235e-01
3.390000000000000235e-01
3.390000000000000235e-01
3.386666666666666714e-01
3.386666666666666714e-01
3.386666666666666714e-01
3.386666666666666714e-01
3.383333333333333193e-01
3.380000000000000226e-01
3.380000000000000226e-01
3.380000000000000226e-01
3.380000000000000226e-01
3.380000000000000226e-01
3.380000000000000226e-01
3.376666666666666705e-01
3.376666666666666705e-01
3.373333333333333184e-01
3.373333333333333184e-01
3.373333333333333184e-01
3.370000000000000218e-01
3.370000000000000218e-01
3.370000000000000218e-01
3.370000000000000218e-01
3.370000000000000218e-01
3.366666666666666696e-01
3.363333333333333175e-01
3.363333333333333175e-01
3.360000000000000209e-01
3.360000000000000209e-01
3.360000000000000209e-01
3.360000000000000209e-01
3.360000000000000209e-01
3.360000000000000209e-01
3.360000000000000209e-01
3.360000000000000209e-01
3.356666666666666687e-01
3.356666666666666687e-01
3.356666666666666687e-01
3.356666666666666687e-01
3.356666666666666687e-01
3.356666666666666687e-01
3.350000000000000200e-01
3.350000000000000200e-01
3.350000000000000200e-01
3.350000000000000200e-01
3.350000000000000200e-01
3.343333333333333157e-01
3.343333333333333157e-01
3.343333333333333157e-01
3.340000000000000191e-01
3.340000000000000191e-01
3.340000000000000191e-01
3.340000000000000191e-01
3.340000000000000191e-01
3.340000000000000191e-01
3.340000000000000191e-01
3.340000000000000191e-01
3.340000000000000191e-01
3.340000000000000191e-01
3.340000000000000191e-01
3.340000000000000191e-01
3.340000000000000191e-01
3.336666666666666670e-01
3.333333333333333148e-01
3.333333333333333148e-01
3.333333333333333148e-01
3.333333333333333148e-01
3.330000000000000182e-01
3.326666666666666661e-01
3.326666666666666661e-01
3.326666666666666661e-01
3.326666666666666661e-01
3.323333333333333139e-01
3.320000000000000173e-01
3.320000000000000173e-01
3.316666666666666652e-01
3.316666666666666652e-01
3.313333333333333131e-01
3.313333333333333131e-01
3.313333333333333131e-01
3.313333333333333131e-01
3.313333333333333131e-01
3.313333333333333131e-01
3.310000000000000164e-01
3.310000000000000164e-01
3.306666666666666643e-01
3.306666666666666643e-01
3.306666666666666643e-01
3.306666666666666643e-01
3.306666666666666643e-01
3.306666666666666643e-01
3.303333333333333122e-01
3.303333333333333122e-01
3.303333333333333122e-01
3.300000000000000155e-01
3.296666666666666634e-01
3.296666666666666634e-01
3.296666666666666634e-01
3.296666666666666634e-01
3.296666666666666634e-01
3.296666666666666634e-01
3.296666666666666634e-01
3.296666666666666634e-01
3.296666666666666634e-01
3.293333333333333113e-01
3.293333333333333113e-01
3.290000000000000147e-01
3.286666666666666625e-01
3.283333333333333104e-01
3.283333333333333104e-01
3.283333333333333104e-01
3.283333333333333104e-01
3.283333333333333104e-01
3.280000000000000138e-01
3.276666666666666616e-01
3.276666666666666616e-01
3.276666666666666616e-01
3.276666666666666616e-01
3.276666666666666616e-01
3.273333333333333095e-01
3.273333333333333095e-01
3.273333333333333095e-01
3.273333333333333095e-01
3.273333333333333095e-01
3.266666666666666607e-01
3.263333333333333086e-01
3.263333333333333086e-01
3.263333333333333086e-01
3.263333333333333086e-01
3.263333333333333086e-01
3.263333333333333086e-01
3.263333333333333086e-01
3.263333333333333086e-01
3.263333333333333086e-01
3.263333333333333086e-01
3.263333333333333086e-01
3.260000000000000120e-01
3.260000000000000120e-01
3.256666666666666599e-01
3.256666666666666599e-01
3.256666666666666599e-01
3.256666666666666599e-01
3.256666666666666599e-01
3.256666666666666599e-01
3.256666666666666599e-01
3.256666666666666599e-01
3.256666666666666599e-01
3.253333333333333077e-01
3.250000000000000111e-01
3.250000000000000111e-01
3.250000000000000111e-01
3.250000000000000111e-01
3.250000000000000111e-01
3.250000000000000111e-01
3.250000000000000111e-01
3.250000000000000111e-01
3.250000000000000111e-01
3.246666666666666590e-01
3.246666666666666590e-01
3.243333333333333068e-01
3.243333333333333068e-01
3.243333333333333068e-01
3.243333333333333068e-01
3.243333333333333068e-01
3.243333333333333068e-01
3.243333333333333068e-01
3.243333333333333068e-01
3.243333333333333068e-01
3.243333333333333068e-01
3.243333333333333068e-01
3.240000000000000102e-01
3.240000000000000102e-01
3.240000000000000102e-01
3.240000000000000102e-01
3.236666666666666581e-01
3.236666666666666581e-01
3.236666666666666581e-01
3.236666666666666581e-01
3.236666666666666581e-01
3.233333333333333059e-01
3.233333333333333059e-01
3.233333333333333059e-01
3.233333333333333059e-01
3.230000000000000093e-01
3.226666666666666572e-01
3.226666666666666572e-01
3.226666666666666572e-01
3.226666666666666572e-01
3.226666666666666572e-01
3.226666666666666572e-01
3.226666666666666572e-01
3.223333333333333606e-01
3.220000000000000084e-01
3.220000000000000084e-01
3.220000000000000084e-01
3.220000000000000084e-01
3.220000000000000084e-01
3.220000000000000084e-01
3.216666666666666563e-01
3.216666666666666563e-01
3.216666666666666563e-01
3.216666666666666563e-01
3.216666666666666563e-01
3.216666666666666563e-01
3.216666666666666563e-01
3.216666666666666563e-01
3.216666666666666563e-01
3.216666666666666563e-01
3.216666666666666563e-01
3.213333333333333597e-01
3.213333333333333597e-01
3.213333333333333597e-01
3.210000000000000075e-01
3.210000000000000075e-01
3.210000000000000075e-01
3.210000000000000075e-01
3.210000000000000075e-01
3.210000000000000075e-01
3.210000000000000075e-01
3.210000000000000075e-01
3.206666666666666554e-01
3.206666666666666554e-01
3.206666666666666554e-01
3.206666666666666554e-01
3.206666666666666554e-01
3.206666666666666554e-01
3.206666666666666554e-01
3.206666666666666554e-01
3.206666666666666554e-01
3.203333333333333588e-01
3.203333333333333588e-01
3.203333333333333588e-01
3.203333333333333588e-01
3.203333333333333588e-01
3.203333333333333588e-01
3.203333333333333588e-01
3.203333333333333588e-01
3.203333333333333588e-01
3.203333333333333588e-01
3.203333333333333588e-01
3.203333333333333588e-01
3.203333333333333588e-01
3.200000000000000067e-01
3.196666666666666545e-01
3.196666666666666545e-01
3.196666666666666545e-01
3.196666666666666545e-01
3.196666666666666545e-01
3.196666666666666545e-01
3.196666666666666545e-01
3.196666666666666545e-01
3.196666666666666545e-01
3.196666666666666545e-01
3.190000000000000058e-01
3.190000000000000058e-01
3.190000000000000058e-01
3.186666666666666536e-01
3.183333333333333570e-01
3.183333333333333570e-01
3.183333333333333570e-01
3.183333333333333570e-01
3.180000000000000049e-01
3.180000000000000049e-01
3.180000000000000049e-01
3.180000000000000049e-01
3.180000000000000049e-01
3.180000000000000049e-01
3.176666666666666528e-01
3.176666666666666528e-01
3.176666666666666528e-01
3.176666666666666528e-01
3.176666666666666528e-01
3.176666666666666528e-01
3.176666666666666528e-01
3.176666666666666528e-01
3.176666666666666528e-01
3.176666666666666528e-01
3.176666666666666528e-01
3.176666666666666528e-01
3.176666666666666528e-01
3.176666666666666528e-01
3.170000000000000040e-01
3.170000000000000040e-01
3.170000000000000040e-01
3.170000000000000040e-01
3.170000000000000040e-01
3.170000000000000040e-01
3.170000000000000040e-01
3.170000000000000040e-01
3.170000000000000040e-01
3.170000000000000040e-01
3.166666666666666519e-01
3.163333333333333552e-01
3.163333333333333552e-01
3.163333333333333552e-01
3.163333333333333552e-01
3.163333333333333552e-01
3.163333333333333552e-01
3.163333333333333552e-01
3.163333333333333552e-01
3.163333333333333552e-01
3.163333333333333552e-01
3.163333333333333552e-01
3.163333333333333552e-01
3.163333333333333552e-01
3.163333333333333552e-01
3.163333333333333552e-01
3.163333333333333552e-01
3.163333333333333552e-01
3.163333333333333552e-01
3.163333333333333552e-01
3.163333333333333552e-01
3.163333333333333552e-01
3.160000000000000031e-01
3.160000000000000031e-01
3.160000000000000031e-01
3.156666666666666510e-01
3.156666666666666510e-01
3.156666666666666510e-01
3.153333333333333544e-01
3.153333333333333544e-01
3.153333333333333544e-01
3.153333333333333544e-01
3.153333333333333544e-01
3.150000000000000022e-01
3.150000000000000022e-01
3.150000000000000022e-01
3.150000000000000022e-01
3.150000000000000022e-01
3.146666666666666501e-01
3.146666666666666501e-01
3.146666666666666501e-01
3.146666666666666501e-01
3.146666666666666501e-01
3.146666666666666501e-01
3.146666666666666501e-01
3.146666666666666501e-01
3.146666666666666501e-01
3.146666666666666501e-01
3.146666666666666501e-01
3.146666666666666501e-01
3.146666666666666501e-01
3.146666666666666501e-01
3.146666666666666501e-01
3.146666666666666501e-01
3.146666666666666501e-01
3.146666666666666501e-01
3.146666666666666501e-01
3.146666666666666501e-01
3.143333333333333535e-01
3.143333333333333535e-01
3.143333333333333535e-01
3.143333333333333535e-01
3.143333333333333535e-01
3.143333333333333535e-01
3.143333333333333535e-01
3.143333333333333535e-01
3.143333333333333535e-01
3.143333333333333535e-01
3.143333333333333535e-01
3.143333333333333535e-01
3.143333333333333535e-01
3.143333333333333535e-01
3.143333333333333535e-01
3.143333333333333535e-01
3.143333333333333535e-01
3.140000000000000013e-01
3.140000000000000013e-01
3.140000000000000013e-01
3.140000000000000013e-01
3.136666666666666492e-01
3.136666666666666492e-01
3.133333333333333526e-01
3.133333333333333526e-01
3.133333333333333526e-01
3.130000000000000004e-01
3.130000000000000004e-01
3.126666666666666483e-01
3.119999999999999996e-01
3.116666666666666474e-01
3.116666666666666474e-01
3.116666666666666474e-01
3.116666666666666474e-01
3.116666666666666474e-01
3.116666666666666474e-01
3.116666666666666474e-01
3.116666666666666474e-01
3.116666666666666474e-01
3.116666666666666474e-01
3.116666666666666474e-01
3.116666666666666474e-01
3.116666666666666474e-01
3.116666666666666474e-01
3.116666666666666474e-01
3.113333333333333508e-01
3.113333333333333508e-01
3.113333333333333508e-01
3.113333333333333508e-01
3.113333333333333508e-01
3.113333333333333508e-01
3.113333333333333508e-01
3.113333333333333508e-01
3.113333333333333508e-01
3.113333333333333508e-01
3.113333333333333508e-01
3.113333333333333508e-01
3.113333333333333508e-01
3.113333333333333508e-01
3.109999999999999987e-01
3.109999999999999987e-01
3.109999999999999987e-01
3.109999999999999987e-01
3.109999999999999987e-01
3.109999999999999987e-01
3.109999999999999987e-01
3.109999999999999987e-01
3.109999999999999987e-01
3.109999999999999987e-01
3.109999999999999987e-01
3.109999999999999987e-01
3.109999999999999987e-01
3.109999999999999987e-01
3.106666666666666465e-01
3.106666666666666465e-01
3.106666666666666465e-01
3.106666666666666465e-01
3.106666666666666465e-01
3.106666666666666465e-01
3.106666666666666465e-01
3.106666666666666465e-01
3.106666666666666465e-01
3.106666666666666465e-01
3.106666666666666465e-01
3.106666666666666465e-01
3.106666666666666465e-01
3.106666666666666465e-01
3.106666666666666465e-01
3.106666666666666465e-01
3.106666666666666465e-01
3.106666666666666465e-01
3.106666666666666465e-01
3.106666666666666465e-01
3.106666666666666465e-01
3.106666666666666465e-01
3.106666666666666465e-01
3.106666666666666465e-01
3.106666666666666465e-01
3.106666666666666465e-01
3.106666666666666465e-01
3.106666666666666465e-01
3.106666666666666465e-01
3.106666666666666465e-01
3.106666666666666465e-01
3.106666666666666465e-01
3.106666666666666465e-01
3.106666666666666465e-01
3.106666666666666465e-01
3.106666666666666465e-01
3.106666666666666465e-01
3.106666666666666465e-01
3.103333333333333499e-01
3.096666666666666456e-01
3.096666666666666456e-01
3.096666666666666456e-01
3.096666666666666456e-01
3.096666666666666456e-01
3.096666666666666456e-01
3.096666666666666456e-01
3.096666666666666456e-01
3.096666666666666456e-01
3.096666666666666456e-01
3.096666666666666456e-01
3.096666666666666456e-01
3.093333333333333490e-01
3.093333333333333490e-01
3.093333333333333490e-01
3.089999999999999969e-01
3.089999999999999969e-01
3.089999999999999969e-01
3.089999999999999969e-01
3.086666666666666448e-01
3.083333333333333481e-01
3.083333333333333481e-01
3.083333333333333481e-01
3.083333333333333481e-01
3.083333333333333481e-01
3.083333333333333481e-01
3.083333333333333481e-01
3.083333333333333481e-01
3.083333333333333481e-01
3.083333333333333481e-01
3.083333333333333481e-01
3.083333333333333481e-01
3.083333333333333481e-01
3.083333333333333481e-01
3.083333333333333481e-01
3.083333333333333481e-01
3.083333333333333481e-01
3.079999999999999960e-01
3.079999999999999960e-01
3.079999999999999960e-01
3.079999999999999960e-01
3.079999999999999960e-01
3.079999999999999960e-01
3.079999999999999960e-01
3.079999999999999960e-01
3.079999999999999960e-01
3.079999999999999960e-01
3.079999999999999960e-01
3.076666666666666439e-01
3.076666666666666439e-01
3.076666666666666439e-01
3.076666666666666439e-01
3.076666666666666439e-01
3.076666666666666439e-01
3.076666666666666439e-01
3.076666666666666439e-01
3.076666666666666439e-01
3.076666666666666439e-01
3.076666666666666439e-01
3.076666666666666439e-01
3.076666666666666439e-01
3.076666666666666439e-01
3.073333333333333472e-01
3.073333333333333472e-01
3.073333333333333472e-01
3.073333333333333472e-01
3.073333333333333472e-01
3.073333333333333472e-01
3.073333333333333472e-01
3.073333333333333472e-01
3.073333333333333472e-01
3.073333333333333472e-01
3.073333333333333472e-01
3.073333333333333472e-01
3.073333333333333472e-01
3.073333333333333472e-01
3.073333333333333472e-01
3.073333333333333472e-01
3.073333333333333472e-01
3.073333333333333472e-01
3.069999999999999951e-01
3.069999999999999951e-01
3.069999999999999951e-01
3.069999999999999951e-01
3.069999999999999951e-01
3.069999999999999951e-01
3.069999999999999951e-01
3.069999999999999951e-01
3.069999999999999951e-01
3.069999999999999951e-01
3.069999999999999951e-01
3.069999999999999951e-01
3.069999999999999951e-01
3.069999999999999951e-01
3.069999999999999951e-01
3.069999999999999951e-01
3.069999999999999951e-01
3.066666666666666430e-01
3.066666666666666430e-01
3.066666666666666430e-01
3.066666666666666430e-01
3.066666666666666430e-01
3.066666666666666430e-01
3.066666666666666430e-01
3.066666666666666430e-01
3.066666666666666430e-01
3.066666666666666430e-01
3.066666666666666430e-01
3.066666666666666430e-01
3.066666666666666430e-01
3.066666666666666430e-01
3.066666666666666430e-01
3.066666666666666430e-01
3.066666666666666430e-01
3.066666666666666430e-01
3.066666666666666430e-01
3.066666666666666430e-01
3.066666666666666430e-01
3.066666666666666430e-01
3.066666666666666430e-01
3.066666666666666430e-01
3.066666666666666430e-01
3.066666666666666430e-01
3.066666666666666430e-01
3.066666666666666430e-01
3.066666666666666430e-01
3.066666666666666430e-01
3.063333333333333464e-01
3.063333333333333464e-01
3.063333333333333464e-01
3.063333333333333464e-01
3.063333333333333464e-01
3.063333333333333464e-01
3.063333333333333464e-01
3.063333333333333464e-01
3.063333333333333464e-01
3.063333333333333464e-01
3.063333333333333464e-01
3.063333333333333464e-01
3.063333333333333464e-01
3.063333333333333464e-01
3.063333333333333464e-01
3.063333333333333464e-01
3.063333333333333464e-01
3.063333333333333464e-01
3.063333333333333464e-01
3.063333333333333464e-01
3.063333333333333464e-01
3.063333333333333464e-01
3.063333333333333464e-01
3.059999999999999942e-01
3.059999999999999942e-01
3.059999999999999942e-01
3.059999999999999942e-01
3.059999999999999942e-01
3.059999999999999942e-01
3.059999999999999942e-01
3.059999999999999942e-01
3.059999999999999942e-01
3.059999999999999942e-01
3.059999999999999942e-01
3.059999999999999942e-01
3.056666666666666421e-01
3.056666666666666421e-01
3.056666666666666421e-01
3.056666666666666421e-01
3.056666666666666421e-01
3.056666666666666421e-01
3.053333333333333455e-01
3.053333333333333455e-01
3.053333333333333455e-01
3.053333333333333455e-01
3.053333333333333455e-01
3.053333333333333455e-01
3.053333333333333455e-01
3.053333333333333455e-01
3.049999999999999933e-01
3.049999999999999933e-01
3.049999999999999933e-01
3.049999999999999933e-01
3.049999999999999933e-01
3.049999999999999933e-01
3.049999999999999933e-01
3.049999999999999933e-01
3.049999999999999933e-01
3.049999999999999933e-01
3.046666666666666412e-01
3.043333333333333446e-01
3.043333333333333446e-01
3.043333333333333446e-01
3.043333333333333446e-01
3.043333333333333446e-01
3.043333333333333446e-01
3.043333333333333446e-01
3.043333333333333446e-01
3.043333333333333446e-01
3.043333333333333446e-01
3.039999999999999925e-01
3.039999999999999925e-01
3.039999999999999925e-01
3.039999999999999925e-01
3.039999999999999925e-01
3.039999999999999925e-01
3.039999999999999925e-01
3.039999999999999925e-01
3.039999999999999925e-01
3.039999999999999925e-01
3.039999999999999925e-01
3.039999999999999925e-01
3.039999999999999925e-01
3.039999999999999925e-01
3.039999999999999925e-01
3.039999999999999925e-01
3.039999999999999925e-01
3.039999999999999925e-01
3.039999999999999925e-01
3.036666666666666403e-01
3.036666666666666403e-01
3.036666666666666403e-01
3.036666666666666403e-01
3.036666666666666403e-01
3.036666666666666403e-01
3.036666666666666403e-01
3.036666666666666403e-01
3.036666666666666403e-01
3.036666666666666403e-01
3.036666666666666403e-01
3.036666666666666403e-01
3.036666666666666403e-01
3.036666666666666403e-01
3.036666666666666403e-01
3.036666666666666403e-01
3.036666666666666403e-01
3.033333333333333437e-01
3.033333333333333437e-01
3.033333333333333437e-01
3.033333333333333437e-01
3.033333333333333437e-01
3.033333333333333437e-01
3.033333333333333437e-01
3.033333333333333437e-01
3.033333333333333437e-01
3.033333333333333437e-01
3.033333333333333437e-01
3.033333333333333437e-01
3.033333333333333437e-01
3.033333333333333437e-01
3.033333333333333437e-01
3.033333333333333437e-01
3.033333333333333437e-01
3.029999999999999916e-01
3.029999999999999916e-01
3.029999999999999916e-01
3.029999999999999916e-01
3.029999999999999916e-01
3.029999999999999916e-01
3.029999999999999916e-01
3.029999999999999916e-01
3.029999999999999916e-01
3.029999999999999916e-01
3.029999999999999916e-01
3.029999999999999916e-01
3.029999999999999916e-01
3.029999999999999916e-01
3.029999999999999916e-01
3.029999999999999916e-01
3.029999999999999916e-01
3.029999999999999916e-01
3.029999999999999916e-01
3.029999999999999916e-01
3.029999999999999916e-01
3.029999999999999916e-01
3.029999999999999916e-01
3.029999999999999916e-01
3.029999999999999916e-01
3.029999999999999916e-01
3.029999999999999916e-01
3.029999999999999916e-01
3.029999999999999916e-01
3.026666666666666394e-01
3.026666666666666394e-01
3.026666666666666394e-01
3.026666666666666394e-01
3.026666666666666394e-01
3.026666666666666394e-01
3.026666666666666394e-01
3.026666666666666394e-01
3.026666666666666394e-01
3.026666666666666394e-01
3.026666666666666394e-01
3.026666666666666394e-01
3.026666666666666394e-01
3.026666666666666394e-01
3.026666666666666394e-01
3.026666666666666394e-01
3.026666666666666394e-01
3.026666666666666394e-01
3.026666666666666394e-01
3.026666666666666394e-01
3.026666666666666394e-01
3.023333333333333428e-01
3.023333333333333428e-01
3.023333333333333428e-01
3.023333333333333428e-01
3.023333333333333428e-01
3.023333333333333428e-01
3.023333333333333428e-01
3.023333333333333428e-01
3.023333333333333428e-01
3.023333333333333428e-01
3.023333333333333428e-01
3.023333333333333428e-01
3.023333333333333428e-01
3.023333333333333428e-01
3.023333333333333428e-01
3.023333333333333428e-01
3.023333333333333428e-01
3.023333333333333428e-01
3.023333333333333428e-01
3.023333333333333428e-01
3.023333333333333428e-01
3.023333333333333428e-01
3.019999999999999907e-01
3.016666666666666941e-01
3.013333333333333419e-01
3.009999999999999898e-01
3.009999999999999898e-01
3.009999999999999898e-01
3.009999999999999898e-01
3.009999999999999898e-01
3.009999999999999898e-01
3.009999999999999898e-01
3.009999999999999898e-01
3.009999999999999898e-01
3.009999999999999898e-01
3.009999999999999898e-01
3.009999999999999898e-01
3.009999999999999898e-01
3.009999999999999898e-01
3.009999999999999898e-01
3.009999999999999898e-01
3.009999999999999898e-01
3.009999999999999898e-01
3.009999999999999898e-01
3.009999999999999898e-01
3.009999999999999898e-01
3.009999999999999898e-01
3.009999999999999898e-01
3.009999999999999898e-01
3.009999999999999898e-01
3.009999999999999898e-01
3.009999999999999898e-01
3.009999999999999898e-01
3.009999999999999898e-01
3.009999999999999898e-01
3.009999999999999898e-01
3.009999999999999898e-01
3.009999999999999898e-01
3.009999999999999898e-01
3.009999999999999898e-01
3.006666666666666932e-01
3.006666666666666932e-01
3.006666666666666932e-01
3.006666666666666932e-01
3.006666666666666932e-01
3.006666666666666932e-01
3.006666666666666932e-01
3.006666666666666932e-01
3.006666666666666932e-01
3.006666666666666932e-01
3.006666666666666932e-01
3.006666666666666932e-01
3.006666666666666932e-01
3.003333333333333410e-01
3.003333333333333410e-01
3.003333333333333410e-01
3.003333333333333410e-01
3.003333333333333410e-01
3.003333333333333410e-01
3.003333333333333410e-01
3.003333333333333410e-01
3.003333333333333410e-01
3.003333333333333410e-01
3.003333333333333410e-01
3.003333333333333410e-01
3.003333333333333410e-01
3.003333333333333410e-01
3.003333333333333410e-01
3.003333333333333410e-01
3.003333333333333410e-01
3.003333333333333410e-01
3.003333333333333410e-01
3.003333333333333410e-01
3.003333333333333410e-01
3.003333333333333410e-01
3.003333333333333410e-01
3.003333333333333410e-01
3.003333333333333410e-01
3.003333333333333410e-01
3.003333333333333410e-01
3.003333333333333410e-01
3.003333333333333410e-01
3.003333333333333410e-01
3.003333333333333410e-01
3.003333333333333410e-01
3.003333333333333410e-01
3.003333333333333410e-01
3.003333333333333410e-01
3.003333333333333410e-01
3.003333333333333410e-01
3.003333333333333410e-01
3.003333333333333410e-01
3.003333333333333410e-01
3.003333333333333410e-01
3.003333333333333410e-01
3.003333333333333410e-01
3.003333333333333410e-01
3.003333333333333410e-01
3.003333333333333410e-01
3.003333333333333410e-01
3.003333333333333410e-01
2.999999999999999889e-01
2.999999999999999889e-01
2.999999999999999889e-01
2.999999999999999889e-01
2.999999999999999889e-01
2.999999999999999889e-01
2.999999999999999889e-01
2.999999999999999889e-01
2.999999999999999889e-01
2.999999999999999889e-01
2.999999999999999889e-01
2.999999999999999889e-01
2.996666666666666923e-01
2.996666666666666923e-01
2.996666666666666923e-01
2.996666666666666923e-01
2.993333333333333401e-01
2.993333333333333401e-01
2.993333333333333401e-01
2.993333333333333401e-01
2.993333333333333401e-01
2.993333333333333401e-01
2.993333333333333401e-01
2.993333333333333401e-01
2.993333333333333401e-01
2.993333333333333401e-01
2.993333333333333401e-01
2.993333333333333401e-01
2.993333333333333401e-01
2.993333333333333401e-01
2.993333333333333401e-01
2.993333333333333401e-01
2.993333333333333401e-01
2.993333333333333401e-01
2.993333333333333401e-01
2.993333333333333401e-01
2.993333333333333401e-01
2.993333333333333401e-01
2.993333333333333401e-01
2.993333333333333401e-01
2.993333333333333401e-01
2.993333333333333401e-01
2.993333333333333401e-01
2.993333333333333401e-01
2.993333333333333401e-01
2.993333333333333401e-01
2.993333333333333401e-01
2.993333333333333401e-01
2.993333333333333401e-01
2.993333333333333401e-01
2.993333333333333401e-01
2.993333333333333401e-01
2.993333333333333401e-01
2.993333333333333401e-01
2.993333333333333401e-01
2.989999999999999880e-01
2.986666666666666914e-01
2.986666666666666914e-01
2.986666666666666914e-01
2.986666666666666914e-01
2.986666666666666914e-01
2.986666666666666914e-01
2.986666666666666914e-01
2.986666666666666914e-01
2.986666666666666914e-01
2.986666666666666914e-01
2.986666666666666914e-01
2.986666666666666914e-01
2.986666666666666914e-01
2.986666666666666914e-01
2.986666666666666914e-01
2.986666666666666914e-01
2.986666666666666914e-01
2.986666666666666914e-01
2.986666666666666914e-01
2.986666666666666914e-01
2.986666666666666914e-01
2.986666666666666914e-01
2.986666666666666914e-01
2.986666666666666914e-01
2.986666666666666914e-01
2.986666666666666914e-01
2.986666666666666914e-01
2.986666666666666914e-01
2.986666666666666914e-01
2.986666666666666914e-01
2.986666666666666914e-01
2.986666666666666914e-01
2.986666666666666914e-01
2.986666666666666914e-01
2.986666666666666914e-01
2.986666666666666914e-01
2.986666666666666914e-01
2.986666666666666914e-01
2.986666666666666914e-01
2.986666666666666914e-01
2.986666666666666914e-01
2.986666666666666914e-01
2.986666666666666914e-01
2.986666666666666914e-01
2.986666666666666914e-01
2.986666666666666914e-01
2.986666666666666914e-01
2.986666666666666914e-01
2.986666666666666914e-01
2.986666666666666914e-01
2.986666666666666914e-01
2.986666666666666914e-01
2.986666666666666914e-01
2.986666666666666914e-01
2.986666666666666914e-01
2.986666666666666914e-01
2.986666666666666914e-01
2.986666666666666914e-01
2.986666666666666914e-01
2.986666666666666914e-01
2.986666666666666914e-01
2.986666666666666914e-01
2.986666666666666914e-01
2.986666666666666914e-01
2.986666666666666914e-01
2.986666666666666914e-01
2.986666666666666914e-01
2.986666666666666914e-01
2.986666666666666914e-01
2.986666666666666914e-01
2.986666666666666914e-01
2.986666666666666914e-01
2.986666666666666914e-01
2.986666666666666914e-01
2.983333333333333393e-01
2.983333333333333393e-01
2.983333333333333393e-01
2.983333333333333393e-01
2.983333333333333393e-01
2.983333333333333393e-01
2.983333333333333393e-01
2.983333333333333393e-01
2.983333333333333393e-01
2.983333333333333393e-01
2.983333333333333393e-01
2.983333333333333393e-01
2.983333333333333393e-01
2.983333333333333393e-01
2.983333333333333393e-01
2.983333333333333393e-01
2.983333333333333393e-01
2.983333333333333393e-01
2.983333333333333393e-01
2.983333333333333393e-01
2.983333333333333393e-01
2.983333333333333393e-01
2.983333333333333393e-01
2.983333333333333393e-01
2.983333333333333393e-01
2.983333333333333393e-01
2.983333333333333393e-01
2.983333333333333393e-01
2.983333333333333393e-01
2.983333333333333393e-01
2.979999999999999871e-01
2.979999999999999871e-01
2.979999999999999871e-01
2.979999999999999871e-01
2.979999999999999871e-01
2.979999999999999871e-01
2.979999999999999871e-01
2.979999999999999871e-01
2.979999999999999871e-01
2.979999999999999871e-01
2.979999999999999871e-01
2.979999999999999871e-01
2.976666666666666905e-01
2.976666666666666905e-01
2.976666666666666905e-01
2.976666666666666905e-01
2.976666666666666905e-01
2.976666666666666905e-01
2.976666666666666905e-01
2.976666666666666905e-01
2.976666666666666905e-01
2.976666666666666905e-01
2.976666666666666905e-01
2.976666666666666905e-01
2.976666666666666905e-01
2.976666666666666905e-01
2.976666666666666905e-01
2.976666666666666905e-01
2.976666666666666905e-01
2.976666666666666905e-01
2.976666666666666905e-01
2.976666666666666905e-01
2.973333333333333384e-01
2.973333333333333384e-01
2.973333333333333384e-01
2.973333333333333384e-01
2.969999999999999862e-01
2.969999999999999862e-01
2.969999999999999862e-01
2.969999999999999862e-01
2.966666666666666896e-01
2.966666666666666896e-01
2.966666666666666896e-01
2.966666666666666896e-01
2.966666666666666896e-01
2.966666666666666896e-01
2.966666666666666896e-01
2.966666666666666896e-01
2.966666666666666896e-01
2.966666666666666896e-01
2.966666666666666896e-01
2.966666666666666896e-01
2.966666666666666896e-01
2.966666666666666896e-01
2.963333333333333375e-01
2.963333333333333375e-01
2.963333333333333375e-01
2.963333333333333375e-01
2.963333333333333375e-01
2.963333333333333375e-01
2.963333333333333375e-01
2.963333333333333375e-01
2.963333333333333375e-01
2.963333333333333375e-01
2.959999999999999853e-01
2.956666666666666887e-01
2.956666666666666887e-01
2.956666666666666887e-01
2.956666666666666887e-01
2.956666666666666887e-01
2.956666666666666887e-01
2.956666666666666887e-01
2.956666666666666887e-01
2.956666666666666887e-01
2.956666666666666887e-01
2.953333333333333366e-01
2.953333333333333366e-01
2.953333333333333366e-01
2.953333333333333366e-01
2.953333333333333366e-01
2.953333333333333366e-01
2.953333333333333366e-01
2.953333333333333366e-01
2.953333333333333366e-01
2.953333333333333366e-01
2.953333333333333366e-01
2.949999999999999845e-01
2.949999999999999845e-01
2.949999999999999845e-01
2.949999999999999845e-01
2.949999999999999845e-01
2.949999999999999845e-01
2.949999999999999845e-01
2.949999999999999845e-01
2.949999999999999845e-01
2.949999999999999845e-01
2.949999999999999845e-01
2.949999999999999845e-01
2.949999999999999845e-01
2.949999999999999845e-01
2.949999999999999845e-01
2.949999999999999845e-01
2.949999999999999845e-01
2.949999999999999845e-01
2.946666666666666878e-01
2.946666666666666878e-01
2.946666666666666878e-01
2.946666666666666878e-01
2.946666666666666878e-01
2.946666666666666878e-01
2.946666666666666878e-01
2.946666666666666878e-01
2.946666666666666878e-01
2.946666666666666878e-01
2.946666666666666878e-01
2.946666666666666878e-01
2.946666666666666878e-01
2.946666666666666878e-01
2.946666666666666878e-01
2.946666666666666878e-01
2.946666666666666878e-01
2.946666666666666878e-01
2.946666666666666878e-01
2.946666666666666878e-01
2.946666666666666878e-01
2.946666666666666878e-01
2.946666666666666878e-01
2.946666666666666878e-01
2.946666666666666878e-01
2.946666666666666878e-01
2.946666666666666878e-01
2.946666666666666878e-01
2.946666666666666878e-01
2.946666666666666878e-01
2.946666666666666878e-01
2.946666666666666878e-01
2.946666666666666878e-01
2.946666666666666878e-01
2.946666666666666878e-01
2.946666666666666878e-01
2.946666666666666878e-01
2.946666666666666878e-01
2.943333333333333357e-01
2.943333333333333357e-01
2.943333333333333357e-01
2.943333333333333357e-01
2.943333333333333357e-01
2.943333333333333357e-01
2.943333333333333357e-01
2.943333333333333357e-01
2.943333333333333357e-01
2.943333333333333357e-01
2.943333333333333357e-01
2.943333333333333357e-01
2.943333333333333357e-01
2.943333333333333357e-01
2.943333333333333357e-01
2.943333333333333357e-01
2.943333333333333357e-01
2.943333333333333357e-01
2.943333333333333357e-01
2.943333333333333357e-01
2.943333333333333357e-01
2.943333333333333357e-01
2.943333333333333357e-01
2.943333333333333357e-01
2.943333333333333357e-01
2.943333333333333357e-01
2.943333333333333357e-01
2.943333333333333357e-01
2.943333333333333357e-01
2.943333333333333357e-01
2.943333333333333357e-01
2.943333333333333357e-01
2.943333333333333357e-01
2.943333333333333357e-01
2.943333333333333357e-01
2.943333333333333357e-01
2.943333333333333357e-01
2.943333333333333357e-01
2.943333333333333357e-01
2.943333333333333357e-01
2.943333333333333357e-01
2.939999999999999836e-01
2.939999999999999836e-01
2.939999999999999836e-01
2.939999999999999836e-01
2.939999999999999836e-01
2.939999999999999836e-01
2.939999999999999836e-01
2.939999999999999836e-01
2.939999999999999836e-01
2.939999999999999836e-01
2.939999999999999836e-01
2.939999999999999836e-01
2.939999999999999836e-01
2.939999999999999836e-01
2.939999999999999836e-01
2.939999999999999836e-01
2.939999999999999836e-01
2.939999999999999836e-01
2.936666666666666869e-01
2.936666666666666869e-01
2.936666666666666869e-01
2.936666666666666869e-01
2.936666666666666869e-01
2.936666666666666869e-01
2.936666666666666869e-01
2.936666666666666869e-01
2.936666666666666869e-01
2.933333333333333348e-01
2.933333333333333348e-01
2.933333333333333348e-01
2.933333333333333348e-01
2.933333333333333348e-01
2.933333333333333348e-01
2.933333333333333348e-01
2.933333333333333348e-01
2.933333333333333348e-01
2.933333333333333348e-01
2.933333333333333348e-01
2.933333333333333348e-01
2.933333333333333348e-01
2.933333333333333348e-01
2.933333333333333348e-01
2.933333333333333348e-01
2.929999999999999827e-01
2.929999999999999827e-01
2.926666666666666861e-01
2.926666666666666861e-01
2.926666666666666861e-01
2.926666666666666861e-01
2.926666666666666861e-01
2.926666666666666861e-01
2.926666666666666861e-01
2.926666666666666861e-01
2.926666666666666861e-01
2.926666666666666861e-01
2.926666666666666861e-01
2.926666666666666861e-01
2.926666666666666861e-01
2.926666666666666861e-01
2.926666666666666861e-01
2.926666666666666861e-01
2.926666666666666861e-01
2.926666666666666861e-01
2.926666666666666861e-01
2.926666666666666861e-01
2.926666666666666861e-01
2.926666666666666861e-01
2.926666666666666861e-01
2.926666666666666861e-01
2.926666666666666861e-01
2.926666666666666861e-01
2.926666666666666861e-01
2.926666666666666861e-01
2.926666666666666861e-01
2.923333333333333339e-01
2.923333333333333339e-01
2.923333333333333339e-01
2.919999999999999818e-01
2.919999999999999818e-01
2.919999999999999818e-01
2.919999999999999818e-01
2.919999999999999818e-01
2.919999999999999818e-01
2.919999999999999818e-01
2.919999999999999818e-01
2.919999999999999818e-01
2.919999999999999818e-01
2.919999999999999818e-01
2.919999999999999818e-01
2.919999999999999818e-01
2.919999999999999818e-01
2.919999999999999818e-01
2.919999999999999818e-01
2.916666666666666852e-01
2.916666666666666852e-01
2.916666666666666852e-01
2.916666666666666852e-01
2.916666666666666852e-01
2.916666666666666852e-01
2.916666666666666852e-01
2.916666666666666852e-01
2.916666666666666852e-01
2.916666666666666852e-01
2.916666666666666852e-01
2.916666666666666852e-01
2.916666666666666852e-01
2.916666666666666852e-01
2.916666666666666852e-01
2.916666666666666852e-01
2.916666666666666852e-01
2.916666666666666852e-01
2.916666666666666852e-01
2.916666666666666852e-01
2.916666666666666852e-01
2.916666666666666852e-01
2.916666666666666852e-01
2.916666666666666852e-01
2.916666666666666852e-01
2.916666666666666852e-01
2.916666666666666852e-01
2.916666666666666852e-01
2.916666666666666852e-01
2.916666666666666852e-01
2.913333333333333330e-01
2.913333333333333330e-01
2.913333333333333330e-01
2.913333333333333330e-01
2.913333333333333330e-01
2.913333333333333330e-01
2.913333333333333330e-01
2.913333333333333330e-01
2.913333333333333330e-01
2.913333333333333330e-01
2.913333333333333330e-01
2.913333333333333330e-01
2.913333333333333330e-01
2.913333333333333330e-01
2.913333333333333330e-01
2.913333333333333330e-01
2.913333333333333330e-01
2.913333333333333330e-01
2.909999999999999809e-01
2.909999999999999809e-01
2.909999999999999809e-01
2.909999999999999809e-01
2.906666666666666843e-01
2.906666666666666843e-01
2.906666666666666843e-01
2.906666666666666843e-01
2.906666666666666843e-01
2.906666666666666843e-01
2.906666666666666843e-01
2.906666666666666843e-01
2.906666666666666843e-01
2.906666666666666843e-01
2.906666666666666843e-01
2.906666666666666843e-01
2.906666666666666843e-01
2.906666666666666843e-01
2.906666666666666843e-01
2.906666666666666843e-01
2.906666666666666843e-01
2.906666666666666843e-01
2.906666666666666843e-01
2.906666666666666843e-01
2.906666666666666843e-01
2.906666666666666843e-01
2.906666666666666843e-01
2.906666666666666843e-01
2.906666666666666843e-01
2.906666666666666843e-01
2.906666666666666843e-01
2.906666666666666843e-01
2.906666666666666843e-01
2.906666666666666843e-01
2.906666666666666843e-01
2.906666666666666843e-01
2.906666666666666843e-01
2.906666666666666843e-01
2.906666666666666843e-01
2.906666666666666843e-01
2.906666666666666843e-01
2.903333333333333321e-01
2.903333333333333321e-01
2.903333333333333321e-01
2.899999999999999800e-01
2.899999999999999800e-01
2.899999999999999800e-01
2.899999999999999800e-01
2.899999999999999800e-01
2.899999999999999800e-01
2.899999999999999800e-01
2.899999999999999800e-01
2.899999999999999800e-01
2.899999999999999800e-01
2.899999999999999800e-01
2.899999999999999800e-01
2.899999999999999800e-01
2.899999999999999800e-01
2.899999999999999800e-01
2.899999999999999800e-01
2.899999999999999800e-01
2.899999999999999800e-01
2.899999999999999800e-01
2.899999999999999800e-01
2.899999999999999800e-01
2.899999999999999800e-01
2.899999999999999800e-01
2.899999999999999800e-01
2.899999999999999800e-01
2.899999999999999800e-01
2.899999999999999800e-01
2.899999999999999800e-01
2.899999999999999800e-01
2.899999999999999800e-01
2.899999999999999800e-01
2.899999999999999800e-01
2.899999999999999800e-01
2.899999999999999800e-01
2.899999999999999800e-01
2.899999999999999800e-01
2.899999999999999800e-01
2.899999999999999800e-01
2.899999999999999800e-01
2.899999999999999800e-01
2.899999999999999800e-01
2.899999999999999800e-01
2.899999999999999800e-01
2.899999999999999800e-01
2.899999999999999800e-01
2.899999999999999800e-01
2.899999999999999800e-01
2.899999999999999800e-01
2.899999999999999800e-01
2.896666666666666834e-01
2.896666666666666834e-01
2.896666666666666834e-01
2.896666666666666834e-01
2.896666666666666834e-01
2.896666666666666834e-01
2.896666666666666834e-01
2.896666666666666834e-01
2.896666666666666834e-01
2.896666666666666834e-01
2.896666666666666834e-01
2.896666666666666834e-01
2.896666666666666834e-01
2.896666666666666834e-01
2.896666666666666834e-01
2.896666666666666834e-01
2.896666666666666834e-01
2.896666666666666834e-01
2.896666666666666834e-01
2.896666666666666834e-01
2.896666666666666834e-01
2.896666666666666834e-01
2.896666666666666834e-01
2.896666666666666834e-01
2.896666666666666834e-01
2.896666666666666834e-01
2.896666666666666834e-01
2.896666666666666834e-01
2.896666666666666834e-01
2.896666666666666834e-01
2.896666666666666834e-01
2.896666666666666834e-01
2.896666666666666834e-01
2.896666666666666834e-01
2.896666666666666834e-01
2.896666666666666834e-01
2.896666666666666834e-01
2.896666666666666834e-01
2.896666666666666834e-01
2.896666666666666834e-01
2.896666666666666834e-01
2.896666666666666834e-01
2.896666666666666834e-01
2.896666666666666834e-01
2.896666666666666834e-01
2.893333333333333313e-01
2.893333333333333313e-01
2.893333333333333313e-01
2.893333333333333313e-01
2.893333333333333313e-01
2.893333333333333313e-01
2.893333333333333313e-01
2.893333333333333313e-01
2.893333333333333313e-01
2.893333333333333313e-01
2.893333333333333313e-01
2.893333333333333313e-01
2.893333333333333313e-01
2.893333333333333313e-01
2.893333333333333313e-01
2.893333333333333313e-01
2.893333333333333313e-01
2.893333333333333313e-01
2.893333333333333313e-01
2.893333333333333313e-01
2.893333333333333313e-01
2.893333333333333313e-01
2.893333333333333313e-01
2.893333333333333313e-01
2.893333333333333313e-01
2.893333333333333313e-01
2.893333333333333313e-01
2.893333333333333313e-01
2.893333333333333313e-01
2.893333333333333313e-01
2.893333333333333313e-01
2.893333333333333313e-01
2.893333333333333313e-01
2.893333333333333313e-01
2.893333333333333313e-01
2.893333333333333313e-01
2.893333333333333313e-01
2.893333333333333313e-01
2.889999999999999791e-01
2.889999999999999791e-01
2.889999999999999791e-01
2.889999999999999791e-01
2.889999999999999791e-01
2.889999999999999791e-01
2.889999999999999791e-01
2.889999999999999791e-01
2.889999999999999791e-01
2.889999999999999791e-01
2.889999999999999791e-01
2.889999999999999791e-01
2.889999999999999791e-01
2.889999999999999791e-01
2.889999999999999791e-01
2.889999999999999791e-01
2.889999999999999791e-01
2.889999999999999791e-01
2.889999999999999791e-01
2.889999999999999791e-01
2.889999999999999791e-01
2.889999999999999791e-01
2.889999999999999791e-01
2.889999999999999791e-01
2.889999999999999791e-01
2.889999999999999791e-01
2.889999999999999791e-01
2.889999999999999791e-01
2.889999999999999791e-01
2.889999999999999791e-01
2.889999999999999791e-01
2.889999999999999791e-01
2.889999999999999791e-01
2.889999999999999791e-01
2.889999999999999791e-01
2.889999999999999791e-01
2.889999999999999791e-01
2.889999999999999791e-01
2.889999999999999791e-01
2.889999999999999791e-01
2.889999999999999791e-01
2.889999999999999791e-01
2.889999999999999791e-01
2.889999999999999791e-01
2.889999999999999791e-01
2.889999999999999791e-01
2.886666666666666825e-01
2.886666666666666825e-01
2.886666666666666825e-01
2.883333333333333304e-01
2.883333333333333304e-01
2.883333333333333304e-01
2.883333333333333304e-01
2.883333333333333304e-01
2.883333333333333304e-01
2.883333333333333304e-01
2.883333333333333304e-01
2.883333333333333304e-01
2.883333333333333304e-01
2.883333333333333304e-01
2.883333333333333304e-01
2.883333333333333304e-01
2.883333333333333304e-01
2.883333333333333304e-01
2.883333333333333304e-01
2.883333333333333304e-01
2.883333333333333304e-01
2.883333333333333304e-01
2.883333333333333304e-01
2.879999999999999782e-01
2.879999999999999782e-01
2.879999999999999782e-01
2.879999999999999782e-01
2.879999999999999782e-01
2.879999999999999782e-01
2.879999999999999782e-01
2.879999999999999782e-01
2.879999999999999782e-01
2.879999999999999782e-01
2.879999999999999782e-01
2.879999999999999782e-01
2.879999999999999782e-01
2.879999999999999782e-01
2.879999999999999782e-01
2.879999999999999782e-01
2.876666666666666816e-01
2.876666666666666816e-01
2.876666666666666816e-01
2.876666666666666816e-01
2.876666666666666816e-01
2.876666666666666816e-01
2.876666666666666816e-01
2.876666666666666816e-01
2.876666666666666816e-01
2.876666666666666816e-01
2.876666666666666816e-01
2.876666666666666816e-01
2.876666666666666816e-01
2.876666666666666816e-01
2.876666666666666816e-01
2.876666666666666816e-01
2.876666666666666816e-01
2.876666666666666816e-01
2.876666666666666816e-01
2.876666666666666816e-01
2.876666666666666816e-01
2.876666666666666816e-01
2.876666666666666816e-01
2.876666666666666816e-01
2.876666666666666816e-01
2.876666666666666816e-01
2.876666666666666816e-01
2.876666666666666816e-01
2.876666666666666816e-01
2.876666666666666816e-01
2.876666666666666816e-01
2.876666666666666816e-01
2.876666666666666816e-01
2.876666666666666816e-01
2.876666666666666816e-01
2.876666666666666816e-01
2.876666666666666816e-01
2.876666666666666816e-01
2.876666666666666816e-01
2.876666666666666816e-01
2.876666666666666816e-01
2.876666666666666816e-01
2.876666666666666816e-01
2.876666666666666816e-01
2.876666666666666816e-01
2.876666666666666816e-01
2.876666666666666816e-01
2.876666666666666816e-01
2.876666666666666816e-01
2.876666666666666816e-01
2.876666666666666816e-01
2.876666666666666816e-01
2.876666666666666816e-01
2.876666666666666816e-01
2.876666666666666816e-01
2.876666666666666816e-01
2.876666666666666816e-01
2.876666666666666816e-01
2.876666666666666816e-01
2.876666666666666816e-01
2.876666666666666816e-01
2.876666666666666816e-01
2.876666666666666816e-01
2.876666666666666816e-01
2.876666666666666816e-01
2.876666666666666816e-01
2.876666666666666816e-01
2.876666666666666816e-01
2.876666666666666816e-01
2.876666666666666816e-01
2.876666666666666816e-01
2.876666666666666816e-01
2.876666666666666816e-01
2.876666666666666816e-01
2.876666666666666816e-01
2.876666666666666816e-01
2.876666666666666816e-01
2.876666666666666816e-01
2.876666666666666816e-01
2.876666666666666816e-01
2.876666666666666816e-01
2.876666666666666816e-01
2.876666666666666816e-01
2.876666666666666816e-01
2.876666666666666816e-01
2.876666666666666816e-01
2.876666666666666816e-01
2.876666666666666816e-01
2.876666666666666816e-01
2.876666666666666816e-01
2.876666666666666816e-01
2.873333333333333295e-01
2.873333333333333295e-01
2.873333333333333295e-01
2.873333333333333295e-01
2.873333333333333295e-01
2.873333333333333295e-01
2.873333333333333295e-01
2.873333333333333295e-01
2.873333333333333295e-01
2.873333333333333295e-01
2.873333333333333295e-01
2.873333333333333295e-01
2.873333333333333295e-01
2.873333333333333295e-01
2.873333333333333295e-01
2.873333333333333295e-01
2.873333333333333295e-01
2.873333333333333295e-01
2.869999999999999774e-01
2.869999999999999774e-01
2.869999999999999774e-01
2.869999999999999774e-01
2.869999999999999774e-01
2.866666666666666807e-01
2.866666666666666807e-01
2.866666666666666807e-01
2.866666666666666807e-01
2.866666666666666807e-01
2.866666666666666807e-01
2.866666666666666807e-01
2.866666666666666807e-01
2.863333333333333286e-01
2.863333333333333286e-01
2.863333333333333286e-01
2.863333333333333286e-01
2.863333333333333286e-01
2.863333333333333286e-01
2.863333333333333286e-01
