2.843333333333333268e-01
2.843333333333333268e-01
2.843333333333333268e-01
2.843333333333333268e-01
2.843333333333333268e-01
2.843333333333333268e-01
2.843333333333333268e-01
2.843333333333333268e-01
2.843333333333333268e-01
2.843333333333333268e-01
2.843333333333333268e-01
2.843333333333333268e-01
2.843333333333333268e-01
2.843333333333333268e-01
2.843333333333333268e-01
2.843333333333333268e-01
2.843333333333333268e-01
2.843333333333333268e-01
2.843333333333333268e-01
2.826666666666666772e-01
2.756666666666666710e-01
2.656666666666666621e-01
2.593333333333333601e-01
2.540000000000000036e-01
2.486666666666666747e-01
2.439999999999999947e-01
2.409999999999999920e-01
2.389999999999999902e-01
2.343333333333333379e-01
2.320000000000000118e-01
2.276666666666666561e-01
2.253333333333333299e-01
2.226666666666666794e-01
2.203333333333333255e-01
2.183333333333333237e-01
2.159999999999999976e-01
2.143333333333333202e-01
2.123333333333333461e-01
2.109999999999999931e-01
2.099999999999999922e-01
2.086666666666666670e-01
2.066666666666666652e-01
2.049999999999999878e-01
2.036666666666666625e-01
2.030000000000000138e-01
2.030000000000000138e-01
2.026666666666666616e-01
2.020000000000000129e-01
2.013333333333333364e-01
2.006666666666666599e-01
1.996666666666666590e-01
1.996666666666666590e-01
1.993333333333333346e-01
1.990000000000000102e-01
1.990000000000000102e-01
1.983333333333333337e-01
1.983333333333333337e-01
1.980000000000000093e-01
1.980000000000000093e-01
1.973333333333333328e-01
1.970000000000000084e-01
1.970000000000000084e-01
1.966666666666666563e-01
1.966666666666666563e-01
1.963333333333333319e-01
1.963333333333333319e-01
1.963333333333333319e-01
1.960000000000000075e-01
1.960000000000000075e-01
1.960000000000000075e-01
1.960000000000000075e-01
1.956666666666666554e-01
1.956666666666666554e-01
1.956666666666666554e-01
1.953333333333333310e-01
1.953333333333333310e-01
1.953333333333333310e-01
1.953333333333333310e-01
1.953333333333333310e-01
1.953333333333333310e-01
1.953333333333333310e-01
1.953333333333333310e-01
1.953333333333333310e-01
1.953333333333333310e-01
1.953333333333333310e-01
1.953333333333333310e-01
1.953333333333333310e-01
1.953333333333333310e-01
1.953333333333333310e-01
1.953333333333333310e-01
1.953333333333333310e-01
1.953333333333333310e-01
1.950000000000000067e-01
1.943333333333333302e-01
1.943333333333333302e-01
1.943333333333333302e-01
1.943333333333333302e-01
1.943333333333333302e-01
1.943333333333333302e-01
1.943333333333333302e-01
1.943333333333333302e-01
1.940000000000000058e-01
1.936666666666666536e-01
1.936666666666666536e-01
1.936666666666666536e-01
1.933333333333333293e-01
1.933333333333333293e-01
1.930000000000000049e-01
1.926666666666666805e-01
1.926666666666666805e-01
1.926666666666666805e-01
1.926666666666666805e-01
1.926666666666666805e-01
1.923333333333333284e-01
1.920000000000000040e-01
1.920000000000000040e-01
1.916666666666666796e-01
1.916666666666666796e-01
1.913333333333333275e-01
1.913333333333333275e-01
1.913333333333333275e-01
1.913333333333333275e-01
1.913333333333333275e-01
1.913333333333333275e-01
1.913333333333333275e-01
1.913333333333333275e-01
1.913333333333333275e-01
1.913333333333333275e-01
1.913333333333333275e-01
1.913333333333333275e-01
1.913333333333333275e-01
1.913333333333333275e-01
1.913333333333333275e-01
1.913333333333333275e-01
1.913333333333333275e-01
1.913333333333333275e-01
1.913333333333333275e-01
1.913333333333333275e-01
1.910000000000000031e-01
1.910000000000000031e-01
1.906666666666666787e-01
1.903333333333333266e-01
1.903333333333333266e-01
1.900000000000000022e-01
1.900000000000000022e-01
1.900000000000000022e-01
1.900000000000000022e-01
1.900000000000000022e-01
1.900000000000000022e-01
1.900000000000000022e-01
1.896666666666666778e-01
1.896666666666666778e-01
1.896666666666666778e-01
1.896666666666666778e-01
1.896666666666666778e-01
1.896666666666666778e-01
1.896666666666666778e-01
1.896666666666666778e-01
1.896666666666666778e-01
1.896666666666666778e-01
1.896666666666666778e-01
1.896666666666666778e-01
1.896666666666666778e-01
1.896666666666666778e-01
1.896666666666666778e-01
1.896666666666666778e-01
1.896666666666666778e-01
1.896666666666666778e-01
1.896666666666666778e-01
1.896666666666666778e-01
1.896666666666666778e-01
1.896666666666666778e-01
1.896666666666666778e-01
1.896666666666666778e-01
1.896666666666666778e-01
1.896666666666666778e-01
1.890000000000000013e-01
1.886666666666666770e-01
1.886666666666666770e-01
1.883333333333333248e-01
1.876666666666666761e-01
1.876666666666666761e-01
1.869999999999999996e-01
1.866666666666666752e-01
1.866666666666666752e-01
1.863333333333333230e-01
1.863333333333333230e-01
1.863333333333333230e-01
1.863333333333333230e-01
1.863333333333333230e-01
1.863333333333333230e-01
1.863333333333333230e-01
1.863333333333333230e-01
1.863333333333333230e-01
1.863333333333333230e-01
1.863333333333333230e-01
1.859999999999999987e-01
1.859999999999999987e-01
1.859999999999999987e-01
1.856666666666666743e-01
1.856666666666666743e-01
1.856666666666666743e-01
1.853333333333333222e-01
1.853333333333333222e-01
1.853333333333333222e-01
1.853333333333333222e-01
1.853333333333333222e-01
1.853333333333333222e-01
1.853333333333333222e-01
1.853333333333333222e-01
1.853333333333333222e-01
1.853333333333333222e-01
1.853333333333333222e-01
1.853333333333333222e-01
1.853333333333333222e-01
1.853333333333333222e-01
1.853333333333333222e-01
1.853333333333333222e-01
1.853333333333333222e-01
1.853333333333333222e-01
1.853333333333333222e-01
1.853333333333333222e-01
1.853333333333333222e-01
1.853333333333333222e-01
1.853333333333333222e-01
1.853333333333333222e-01
1.853333333333333222e-01
1.849999999999999978e-01
1.849999999999999978e-01
1.849999999999999978e-01
1.849999999999999978e-01
1.849999999999999978e-01
1.849999999999999978e-01
1.849999999999999978e-01
1.849999999999999978e-01
1.849999999999999978e-01
1.849999999999999978e-01
1.849999999999999978e-01
1.849999999999999978e-01
1.849999999999999978e-01
1.849999999999999978e-01
1.849999999999999978e-01
1.849999999999999978e-01
1.849999999999999978e-01
1.849999999999999978e-01
1.849999999999999978e-01
1.849999999999999978e-01
1.849999999999999978e-01
1.849999999999999978e-01
1.846666666666666734e-01
1.846666666666666734e-01
1.846666666666666734e-01
1.846666666666666734e-01
1.846666666666666734e-01
1.846666666666666734e-01
1.846666666666666734e-01
1.843333333333333213e-01
1.843333333333333213e-01
1.843333333333333213e-01
1.839999999999999969e-01
1.839999999999999969e-01
1.839999999999999969e-01
1.839999999999999969e-01
1.839999999999999969e-01
1.839999999999999969e-01
1.836666666666666725e-01
1.836666666666666725e-01
1.833333333333333204e-01
1.833333333333333204e-01
1.833333333333333204e-01
1.833333333333333204e-01
1.833333333333333204e-01
1.833333333333333204e-01
1.833333333333333204e-01
1.833333333333333204e-01
1.833333333333333204e-01
1.833333333333333204e-01
1.826666666666666716e-01
1.826666666666666716e-01
1.826666666666666716e-01
1.826666666666666716e-01
1.826666666666666716e-01
1.826666666666666716e-01
1.826666666666666716e-01
1.826666666666666716e-01
1.826666666666666716e-01
1.826666666666666716e-01
1.826666666666666716e-01
1.826666666666666716e-01
1.823333333333333195e-01
1.823333333333333195e-01
1.823333333333333195e-01
1.823333333333333195e-01
1.823333333333333195e-01
1.823333333333333195e-01
1.823333333333333195e-01
1.823333333333333195e-01
1.823333333333333195e-01
1.823333333333333195e-01
1.823333333333333195e-01
1.823333333333333195e-01
1.823333333333333195e-01
1.823333333333333195e-01
1.823333333333333195e-01
1.823333333333333195e-01
1.823333333333333195e-01
1.823333333333333195e-01
1.823333333333333195e-01
1.823333333333333195e-01
1.823333333333333195e-01
1.823333333333333195e-01
1.823333333333333195e-01
1.823333333333333195e-01
1.823333333333333195e-01
1.823333333333333195e-01
1.823333333333333195e-01
1.823333333333333195e-01
1.823333333333333195e-01
1.823333333333333195e-01
1.823333333333333195e-01
1.823333333333333195e-01
1.823333333333333195e-01
1.823333333333333195e-01
1.823333333333333195e-01
1.823333333333333195e-01
1.823333333333333195e-01
1.823333333333333195e-01
1.823333333333333195e-01
1.823333333333333195e-01
1.823333333333333195e-01
1.823333333333333195e-01
1.823333333333333195e-01
1.823333333333333195e-01
1.823333333333333195e-01
1.823333333333333195e-01
1.823333333333333195e-01
1.823333333333333195e-01
1.823333333333333195e-01
1.823333333333333195e-01
1.823333333333333195e-01
1.823333333333333195e-01
1.823333333333333195e-01
1.823333333333333195e-01
1.823333333333333195e-01
1.823333333333333195e-01
1.823333333333333195e-01
1.823333333333333195e-01
1.823333333333333195e-01
1.819999999999999951e-01
1.819999999999999951e-01
1.819999999999999951e-01
1.819999999999999951e-01
1.819999999999999951e-01
1.819999999999999951e-01
1.819999999999999951e-01
1.816666666666666707e-01
1.816666666666666707e-01
1.816666666666666707e-01
1.816666666666666707e-01
1.816666666666666707e-01
1.816666666666666707e-01
1.816666666666666707e-01
1.816666666666666707e-01
1.816666666666666707e-01
1.816666666666666707e-01
1.816666666666666707e-01
1.816666666666666707e-01
1.816666666666666707e-01
1.816666666666666707e-01
1.816666666666666707e-01
1.816666666666666707e-01
1.816666666666666707e-01
1.816666666666666707e-01
1.816666666666666707e-01
1.816666666666666707e-01
1.816666666666666707e-01
1.816666666666666707e-01
1.816666666666666707e-01
1.816666666666666707e-01
1.816666666666666707e-01
1.816666666666666707e-01
1.816666666666666707e-01
1.816666666666666707e-01
1.816666666666666707e-01
1.816666666666666707e-01
1.816666666666666707e-01
1.816666666666666707e-01
1.816666666666666707e-01
1.816666666666666707e-01
1.816666666666666707e-01
1.813333333333333464e-01
1.813333333333333464e-01
1.813333333333333464e-01
1.813333333333333464e-01
1.813333333333333464e-01
1.813333333333333464e-01
1.813333333333333464e-01
1.813333333333333464e-01
1.813333333333333464e-01
1.813333333333333464e-01
1.813333333333333464e-01
1.813333333333333464e-01
1.813333333333333464e-01
1.813333333333333464e-01
1.813333333333333464e-01
1.813333333333333464e-01
1.813333333333333464e-01
1.813333333333333464e-01
1.813333333333333464e-01
1.813333333333333464e-01
1.813333333333333464e-01
1.813333333333333464e-01
1.813333333333333464e-01
1.813333333333333464e-01
1.809999999999999942e-01
1.809999999999999942e-01
1.809999999999999942e-01
1.809999999999999942e-01
1.809999999999999942e-01
1.809999999999999942e-01
1.809999999999999942e-01
1.809999999999999942e-01
1.809999999999999942e-01
1.809999999999999942e-01
1.809999999999999942e-01
1.809999999999999942e-01
1.809999999999999942e-01
1.809999999999999942e-01
1.809999999999999942e-01
1.809999999999999942e-01
1.809999999999999942e-01
1.809999999999999942e-01
1.809999999999999942e-01
1.809999999999999942e-01
1.809999999999999942e-01
1.809999999999999942e-01
1.809999999999999942e-01
1.809999999999999942e-01
1.809999999999999942e-01
1.809999999999999942e-01
1.809999999999999942e-01
1.809999999999999942e-01
1.809999999999999942e-01
1.809999999999999942e-01
1.809999999999999942e-01
1.809999999999999942e-01
1.809999999999999942e-01
1.809999999999999942e-01
1.806666666666666698e-01
1.806666666666666698e-01
1.806666666666666698e-01
1.806666666666666698e-01
1.806666666666666698e-01
1.806666666666666698e-01
1.806666666666666698e-01
1.806666666666666698e-01
1.806666666666666698e-01
1.806666666666666698e-01
1.806666666666666698e-01
1.806666666666666698e-01
1.806666666666666698e-01
1.806666666666666698e-01
1.806666666666666698e-01
1.806666666666666698e-01
1.803333333333333455e-01
1.803333333333333455e-01
1.803333333333333455e-01
1.803333333333333455e-01
1.803333333333333455e-01
1.803333333333333455e-01
1.803333333333333455e-01
1.803333333333333455e-01
1.803333333333333455e-01
1.803333333333333455e-01
1.803333333333333455e-01
1.803333333333333455e-01
1.803333333333333455e-01
1.803333333333333455e-01
1.803333333333333455e-01
1.803333333333333455e-01
1.803333333333333455e-01
1.803333333333333455e-01
1.803333333333333455e-01
1.803333333333333455e-01
1.803333333333333455e-01
1.803333333333333455e-01
1.803333333333333455e-01
1.803333333333333455e-01
1.803333333333333455e-01
1.803333333333333455e-01
1.803333333333333455e-01
1.803333333333333455e-01
1.803333333333333455e-01
1.803333333333333455e-01
1.803333333333333455e-01
1.803333333333333455e-01
1.803333333333333455e-01
1.803333333333333455e-01
1.803333333333333455e-01
1.803333333333333455e-01
1.803333333333333455e-01
1.803333333333333455e-01
1.803333333333333455e-01
1.803333333333333455e-01
1.803333333333333455e-01
1.803333333333333455e-01
1.803333333333333455e-01
1.803333333333333455e-01
1.803333333333333455e-01
1.799999999999999933e-01
1.796666666666666690e-01
1.796666666666666690e-01
1.796666666666666690e-01
1.796666666666666690e-01
1.796666666666666690e-01
1.796666666666666690e-01
1.796666666666666690e-01
1.796666666666666690e-01
1.796666666666666690e-01
1.796666666666666690e-01
1.796666666666666690e-01
1.796666666666666690e-01
1.796666666666666690e-01
1.796666666666666690e-01
1.796666666666666690e-01
1.796666666666666690e-01
1.796666666666666690e-01
1.796666666666666690e-01
1.796666666666666690e-01
1.796666666666666690e-01
1.796666666666666690e-01
1.793333333333333446e-01
1.793333333333333446e-01
1.793333333333333446e-01
1.793333333333333446e-01
1.789999999999999925e-01
1.789999999999999925e-01
1.789999999999999925e-01
1.789999999999999925e-01
1.789999999999999925e-01
1.789999999999999925e-01
1.789999999999999925e-01
1.789999999999999925e-01
1.789999999999999925e-01
1.789999999999999925e-01
1.789999999999999925e-01
1.789999999999999925e-01
1.789999999999999925e-01
1.789999999999999925e-01
1.789999999999999925e-01
1.789999999999999925e-01
1.789999999999999925e-01
1.789999999999999925e-01
1.789999999999999925e-01
1.789999999999999925e-01
1.789999999999999925e-01
1.789999999999999925e-01
1.789999999999999925e-01
1.789999999999999925e-01
1.789999999999999925e-01
1.789999999999999925e-01
1.789999999999999925e-01
1.789999999999999925e-01
1.789999999999999925e-01
1.789999999999999925e-01
1.789999999999999925e-01
1.789999999999999925e-01
1.789999999999999925e-01
1.789999999999999925e-01
1.789999999999999925e-01
1.789999999999999925e-01
1.789999999999999925e-01
1.789999999999999925e-01
1.789999999999999925e-01
1.789999999999999925e-01
1.789999999999999925e-01
1.789999999999999925e-01
1.789999999999999925e-01
1.789999999999999925e-01
1.789999999999999925e-01
1.789999999999999925e-01
1.789999999999999925e-01
1.789999999999999925e-01
1.789999999999999925e-01
1.789999999999999925e-01
1.789999999999999925e-01
1.789999999999999925e-01
1.789999999999999925e-01
1.786666666666666681e-01
1.786666666666666681e-01
1.786666666666666681e-01
1.786666666666666681e-01
1.786666666666666681e-01
1.786666666666666681e-01
1.786666666666666681e-01
1.783333333333333437e-01
1.783333333333333437e-01
1.783333333333333437e-01
1.783333333333333437e-01
1.783333333333333437e-01
1.783333333333333437e-01
1.783333333333333437e-01
1.783333333333333437e-01
1.783333333333333437e-01
1.783333333333333437e-01
1.783333333333333437e-01
1.783333333333333437e-01
1.783333333333333437e-01
1.783333333333333437e-01
1.783333333333333437e-01
1.783333333333333437e-01
1.783333333333333437e-01
1.783333333333333437e-01
1.783333333333333437e-01
1.783333333333333437e-01
1.783333333333333437e-01
1.783333333333333437e-01
1.779999999999999916e-01
1.779999999999999916e-01
1.779999999999999916e-01
1.779999999999999916e-01
1.779999999999999916e-01
1.776666666666666672e-01
1.776666666666666672e-01
1.776666666666666672e-01
1.776666666666666672e-01
1.776666666666666672e-01
1.776666666666666672e-01
1.776666666666666672e-01
1.776666666666666672e-01
1.776666666666666672e-01
1.776666666666666672e-01
1.776666666666666672e-01
1.776666666666666672e-01
1.776666666666666672e-01
1.776666666666666672e-01
1.776666666666666672e-01
1.776666666666666672e-01
1.773333333333333428e-01
1.773333333333333428e-01
1.773333333333333428e-01
1.773333333333333428e-01
1.769999999999999907e-01
1.769999999999999907e-01
1.769999999999999907e-01
1.769999999999999907e-01
1.769999999999999907e-01
1.769999999999999907e-01
1.769999999999999907e-01
1.769999999999999907e-01
1.769999999999999907e-01
1.769999999999999907e-01
1.769999999999999907e-01
1.769999999999999907e-01
1.769999999999999907e-01
1.769999999999999907e-01
1.766666666666666663e-01
1.766666666666666663e-01
1.766666666666666663e-01
1.766666666666666663e-01
1.766666666666666663e-01
1.766666666666666663e-01
1.766666666666666663e-01
1.766666666666666663e-01
1.766666666666666663e-01
1.766666666666666663e-01
1.766666666666666663e-01
1.766666666666666663e-01
1.766666666666666663e-01
1.766666666666666663e-01
1.766666666666666663e-01
1.766666666666666663e-01
1.766666666666666663e-01
1.766666666666666663e-01
1.766666666666666663e-01
1.766666666666666663e-01
1.766666666666666663e-01
1.766666666666666663e-01
1.766666666666666663e-01
1.766666666666666663e-01
1.766666666666666663e-01
1.766666666666666663e-01
1.766666666666666663e-01
1.766666666666666663e-01
1.766666666666666663e-01
1.766666666666666663e-01
1.766666666666666663e-01
1.766666666666666663e-01
1.766666666666666663e-01
1.766666666666666663e-01
1.766666666666666663e-01
1.766666666666666663e-01
1.766666666666666663e-01
1.766666666666666663e-01
1.766666666666666663e-01
1.766666666666666663e-01
1.766666666666666663e-01
1.766666666666666663e-01
1.766666666666666663e-01
1.766666666666666663e-01
1.766666666666666663e-01
1.766666666666666663e-01
1.766666666666666663e-01
1.766666666666666663e-01
1.766666666666666663e-01
1.766666666666666663e-01
1.766666666666666663e-01
1.766666666666666663e-01
1.766666666666666663e-01
1.766666666666666663e-01
1.766666666666666663e-01
1.766666666666666663e-01
1.763333333333333419e-01
1.763333333333333419e-01
1.763333333333333419e-01
1.763333333333333419e-01
1.763333333333333419e-01
1.763333333333333419e-01
1.763333333333333419e-01
1.759999999999999898e-01
1.759999999999999898e-01
1.759999999999999898e-01
1.759999999999999898e-01
1.759999999999999898e-01
1.759999999999999898e-01
1.759999999999999898e-01
1.759999999999999898e-01
1.759999999999999898e-01
1.759999999999999898e-01
1.759999999999999898e-01
1.759999999999999898e-01
1.759999999999999898e-01
1.759999999999999898e-01
1.759999999999999898e-01
1.759999999999999898e-01
1.759999999999999898e-01
1.759999999999999898e-01
1.759999999999999898e-01
1.759999999999999898e-01
1.759999999999999898e-01
1.759999999999999898e-01
1.759999999999999898e-01
1.759999999999999898e-01
1.759999999999999898e-01
1.756666666666666654e-01
1.756666666666666654e-01
1.756666666666666654e-01
1.756666666666666654e-01
1.756666666666666654e-01
1.756666666666666654e-01
1.756666666666666654e-01
1.756666666666666654e-01
1.756666666666666654e-01
1.756666666666666654e-01
1.756666666666666654e-01
1.756666666666666654e-01
1.756666666666666654e-01
1.756666666666666654e-01
1.756666666666666654e-01
1.756666666666666654e-01
1.756666666666666654e-01
1.756666666666666654e-01
1.756666666666666654e-01
1.756666666666666654e-01
1.756666666666666654e-01
1.756666666666666654e-01
1.756666666666666654e-01
1.756666666666666654e-01
1.753333333333333410e-01
1.753333333333333410e-01
1.753333333333333410e-01
1.753333333333333410e-01
1.753333333333333410e-01
1.753333333333333410e-01
1.753333333333333410e-01
1.753333333333333410e-01
1.753333333333333410e-01
1.753333333333333410e-01
1.753333333333333410e-01
1.753333333333333410e-01
1.753333333333333410e-01
1.753333333333333410e-01
1.753333333333333410e-01
1.753333333333333410e-01
1.753333333333333410e-01
1.753333333333333410e-01
1.753333333333333410e-01
1.753333333333333410e-01
1.753333333333333410e-01
1.753333333333333410e-01
1.753333333333333410e-01
1.753333333333333410e-01
1.753333333333333410e-01
1.753333333333333410e-01
1.753333333333333410e-01
1.753333333333333410e-01
1.753333333333333410e-01
1.753333333333333410e-01
1.753333333333333410e-01
1.753333333333333410e-01
1.753333333333333410e-01
1.753333333333333410e-01
1.753333333333333410e-01
1.753333333333333410e-01
1.753333333333333410e-01
1.753333333333333410e-01
1.753333333333333410e-01
1.753333333333333410e-01
1.753333333333333410e-01
1.753333333333333410e-01
1.753333333333333410e-01
1.753333333333333410e-01
1.753333333333333410e-01
1.753333333333333410e-01
1.753333333333333410e-01
1.753333333333333410e-01
1.753333333333333410e-01
1.753333333333333410e-01
1.753333333333333410e-01
1.753333333333333410e-01
1.753333333333333410e-01
1.753333333333333410e-01
1.749999999999999889e-01
1.749999999999999889e-01
1.749999999999999889e-01
1.749999999999999889e-01
1.749999999999999889e-01
1.749999999999999889e-01
1.749999999999999889e-01
1.749999999999999889e-01
1.749999999999999889e-01
1.749999999999999889e-01
1.749999999999999889e-01
1.749999999999999889e-01
1.749999999999999889e-01
1.749999999999999889e-01
1.749999999999999889e-01
1.749999999999999889e-01
1.749999999999999889e-01
1.749999999999999889e-01
1.749999999999999889e-01
1.749999999999999889e-01
1.749999999999999889e-01
1.749999999999999889e-01
1.749999999999999889e-01
1.749999999999999889e-01
1.749999999999999889e-01
1.749999999999999889e-01
1.749999999999999889e-01
1.749999999999999889e-01
1.749999999999999889e-01
1.749999999999999889e-01
1.749999999999999889e-01
1.749999999999999889e-01
1.749999999999999889e-01
1.749999999999999889e-01
1.749999999999999889e-01
1.749999999999999889e-01
1.749999999999999889e-01
1.749999999999999889e-01
1.749999999999999889e-01
1.749999999999999889e-01
1.749999999999999889e-01
1.749999999999999889e-01
1.749999999999999889e-01
1.749999999999999889e-01
1.749999999999999889e-01
1.749999999999999889e-01
1.749999999999999889e-01
1.749999999999999889e-01
1.749999999999999889e-01
1.749999999999999889e-01
1.749999999999999889e-01
1.749999999999999889e-01
1.746666666666666645e-01
1.746666666666666645e-01
1.746666666666666645e-01
1.746666666666666645e-01
1.746666666666666645e-01
1.746666666666666645e-01
1.746666666666666645e-01
1.746666666666666645e-01
1.746666666666666645e-01
1.746666666666666645e-01
1.746666666666666645e-01
1.746666666666666645e-01
1.746666666666666645e-01
1.746666666666666645e-01
1.746666666666666645e-01
1.746666666666666645e-01
1.746666666666666645e-01
1.746666666666666645e-01
1.746666666666666645e-01
1.746666666666666645e-01
1.746666666666666645e-01
1.746666666666666645e-01
1.746666666666666645e-01
1.746666666666666645e-01
1.746666666666666645e-01
1.746666666666666645e-01
1.746666666666666645e-01
1.746666666666666645e-01
1.746666666666666645e-01
1.746666666666666645e-01
1.746666666666666645e-01
1.746666666666666645e-01
1.746666666666666645e-01
1.746666666666666645e-01
1.746666666666666645e-01
1.746666666666666645e-01
1.746666666666666645e-01
1.746666666666666645e-01
1.746666666666666645e-01
1.746666666666666645e-01
1.746666666666666645e-01
1.746666666666666645e-01
1.746666666666666645e-01
1.746666666666666645e-01
1.746666666666666645e-01
1.746666666666666645e-01
1.746666666666666645e-01
1.746666666666666645e-01
1.746666666666666645e-01
1.746666666666666645e-01
1.746666666666666645e-01
1.746666666666666645e-01
1.746666666666666645e-01
1.746666666666666645e-01
1.746666666666666645e-01
1.746666666666666645e-01
1.746666666666666645e-01
1.746666666666666645e-01
1.746666666666666645e-01
1.746666666666666645e-01
1.746666666666666645e-01
1.746666666666666645e-01
1.746666666666666645e-01
1.743333333333333401e-01
1.743333333333333401e-01
1.743333333333333401e-01
1.743333333333333401e-01
1.743333333333333401e-01
1.743333333333333401e-01
1.743333333333333401e-01
1.743333333333333401e-01
1.743333333333333401e-01
1.743333333333333401e-01
1.743333333333333401e-01
1.743333333333333401e-01
1.743333333333333401e-01
1.739999999999999880e-01
1.739999999999999880e-01
1.739999999999999880e-01
1.739999999999999880e-01
1.739999999999999880e-01
1.739999999999999880e-01
1.739999999999999880e-01
1.739999999999999880e-01
1.739999999999999880e-01
1.739999999999999880e-01
1.739999999999999880e-01
1.739999999999999880e-01
1.739999999999999880e-01
1.739999999999999880e-01
1.739999999999999880e-01
1.739999999999999880e-01
1.739999999999999880e-01
1.739999999999999880e-01
1.739999999999999880e-01
1.739999999999999880e-01
1.739999999999999880e-01
1.739999999999999880e-01
1.739999999999999880e-01
1.739999999999999880e-01
1.739999999999999880e-01
1.739999999999999880e-01
1.739999999999999880e-01
1.739999999999999880e-01
1.739999999999999880e-01
1.739999999999999880e-01
1.739999999999999880e-01
1.739999999999999880e-01
1.739999999999999880e-01
1.739999999999999880e-01
1.739999999999999880e-01
1.739999999999999880e-01
1.739999999999999880e-01
1.739999999999999880e-01
1.739999999999999880e-01
1.739999999999999880e-01
1.739999999999999880e-01
1.739999999999999880e-01
1.739999999999999880e-01
1.739999999999999880e-01
1.739999999999999880e-01
1.739999999999999880e-01
1.739999999999999880e-01
1.739999999999999880e-01
1.739999999999999880e-01
1.739999999999999880e-01
1.739999999999999880e-01
1.739999999999999880e-01
1.739999999999999880e-01
1.739999999999999880e-01
1.739999999999999880e-01
1.739999999999999880e-01
1.739999999999999880e-01
1.739999999999999880e-01
1.739999999999999880e-01
1.739999999999999880e-01
1.739999999999999880e-01
1.739999999999999880e-01
1.739999999999999880e-01
1.739999999999999880e-01
1.739999999999999880e-01
1.739999999999999880e-01
1.739999999999999880e-01
1.739999999999999880e-01
1.739999999999999880e-01
1.739999999999999880e-01
1.739999999999999880e-01
1.739999999999999880e-01
1.739999999999999880e-01
1.739999999999999880e-01
1.739999999999999880e-01
1.739999999999999880e-01
1.739999999999999880e-01
1.739999999999999880e-01
1.736666666666666636e-01
1.736666666666666636e-01
1.736666666666666636e-01
1.736666666666666636e-01
1.736666666666666636e-01
1.736666666666666636e-01
1.736666666666666636e-01
1.736666666666666636e-01
1.736666666666666636e-01
1.736666666666666636e-01
1.736666666666666636e-01
1.736666666666666636e-01
1.736666666666666636e-01
1.736666666666666636e-01
1.736666666666666636e-01
1.736666666666666636e-01
1.736666666666666636e-01
1.736666666666666636e-01
1.736666666666666636e-01
1.736666666666666636e-01
1.736666666666666636e-01
1.736666666666666636e-01
1.736666666666666636e-01
1.736666666666666636e-01
1.736666666666666636e-01
1.736666666666666636e-01
1.736666666666666636e-01
1.736666666666666636e-01
1.736666666666666636e-01
1.736666666666666636e-01
1.736666666666666636e-01
1.736666666666666636e-01
1.736666666666666636e-01
1.736666666666666636e-01
1.736666666666666636e-01
1.736666666666666636e-01
1.736666666666666636e-01
1.736666666666666636e-01
1.736666666666666636e-01
1.736666666666666636e-01
1.736666666666666636e-01
1.736666666666666636e-01
1.736666666666666636e-01
1.736666666666666636e-01
1.736666666666666636e-01
1.736666666666666636e-01
1.736666666666666636e-01
1.736666666666666636e-01
1.736666666666666636e-01
1.736666666666666636e-01
1.736666666666666636e-01
1.736666666666666636e-01
1.736666666666666636e-01
1.736666666666666636e-01
1.736666666666666636e-01
1.736666666666666636e-01
1.736666666666666636e-01
1.736666666666666636e-01
1.736666666666666636e-01
1.733333333333333393e-01
1.733333333333333393e-01
1.733333333333333393e-01
1.733333333333333393e-01
1.733333333333333393e-01
1.733333333333333393e-01
1.733333333333333393e-01
1.733333333333333393e-01
1.733333333333333393e-01
1.733333333333333393e-01
1.733333333333333393e-01
1.733333333333333393e-01
1.733333333333333393e-01
1.733333333333333393e-01
1.733333333333333393e-01
1.733333333333333393e-01
1.733333333333333393e-01
1.733333333333333393e-01
1.733333333333333393e-01
1.733333333333333393e-01
1.733333333333333393e-01
1.733333333333333393e-01
1.733333333333333393e-01
1.733333333333333393e-01
1.733333333333333393e-01
1.733333333333333393e-01
1.733333333333333393e-01
1.733333333333333393e-01
1.733333333333333393e-01
1.733333333333333393e-01
1.733333333333333393e-01
1.733333333333333393e-01
1.733333333333333393e-01
1.733333333333333393e-01
1.733333333333333393e-01
1.733333333333333393e-01
1.733333333333333393e-01
1.733333333333333393e-01
1.733333333333333393e-01
1.733333333333333393e-01
1.733333333333333393e-01
1.733333333333333393e-01
1.733333333333333393e-01
1.733333333333333393e-01
1.733333333333333393e-01
1.733333333333333393e-01
1.733333333333333393e-01
1.733333333333333393e-01
1.733333333333333393e-01
1.733333333333333393e-01
1.733333333333333393e-01
1.733333333333333393e-01
1.733333333333333393e-01
1.733333333333333393e-01
1.733333333333333393e-01
1.733333333333333393e-01
1.733333333333333393e-01
1.733333333333333393e-01
1.733333333333333393e-01
1.733333333333333393e-01
1.733333333333333393e-01
1.733333333333333393e-01
1.733333333333333393e-01
1.733333333333333393e-01
1.733333333333333393e-01
1.733333333333333393e-01
1.733333333333333393e-01
1.729999999999999871e-01
1.729999999999999871e-01
1.729999999999999871e-01
1.729999999999999871e-01
1.729999999999999871e-01
1.729999999999999871e-01
1.729999999999999871e-01
1.729999999999999871e-01
1.729999999999999871e-01
1.729999999999999871e-01
1.729999999999999871e-01
1.729999999999999871e-01
1.729999999999999871e-01
1.729999999999999871e-01
1.729999999999999871e-01
1.729999999999999871e-01
1.729999999999999871e-01
1.729999999999999871e-01
1.729999999999999871e-01
1.729999999999999871e-01
1.729999999999999871e-01
1.729999999999999871e-01
1.729999999999999871e-01
1.729999999999999871e-01
1.729999999999999871e-01
1.729999999999999871e-01
1.729999999999999871e-01
1.729999999999999871e-01
1.729999999999999871e-01
1.729999999999999871e-01
1.729999999999999871e-01
1.729999999999999871e-01
1.729999999999999871e-01
1.729999999999999871e-01
1.729999999999999871e-01
1.729999999999999871e-01
1.729999999999999871e-01
1.729999999999999871e-01
1.729999999999999871e-01
1.729999999999999871e-01
1.729999999999999871e-01
1.729999999999999871e-01
1.729999999999999871e-01
1.729999999999999871e-01
1.729999999999999871e-01
1.729999999999999871e-01
1.729999999999999871e-01
1.729999999999999871e-01
1.729999999999999871e-01
1.729999999999999871e-01
1.729999999999999871e-01
1.729999999999999871e-01
1.729999999999999871e-01
1.729999999999999871e-01
1.729999999999999871e-01
1.729999999999999871e-01
1.729999999999999871e-01
1.729999999999999871e-01
1.729999999999999871e-01
1.729999999999999871e-01
1.729999999999999871e-01
1.729999999999999871e-01
1.729999999999999871e-01
1.729999999999999871e-01
1.729999999999999871e-01
1.729999999999999871e-01
1.729999999999999871e-01
1.729999999999999871e-01
1.729999999999999871e-01
1.729999999999999871e-01
1.729999999999999871e-01
1.729999999999999871e-01
1.729999999999999871e-01
1.729999999999999871e-01
1.729999999999999871e-01
1.729999999999999871e-01
1.729999999999999871e-01
1.729999999999999871e-01
1.729999999999999871e-01
1.729999999999999871e-01
1.729999999999999871e-01
1.729999999999999871e-01
1.729999999999999871e-01
1.729999999999999871e-01
1.729999999999999871e-01
1.729999999999999871e-01
1.729999999999999871e-01
1.729999999999999871e-01
1.729999999999999871e-01
1.729999999999999871e-01
1.729999999999999871e-01
1.729999999999999871e-01
1.729999999999999871e-01
1.729999999999999871e-01
1.729999999999999871e-01
1.729999999999999871e-01
1.729999999999999871e-01
1.729999999999999871e-01
1.729999999999999871e-01
1.729999999999999871e-01
1.729999999999999871e-01
1.729999999999999871e-01
1.729999999999999871e-01
1.729999999999999871e-01
1.729999999999999871e-01
1.729999999999999871e-01
1.729999999999999871e-01
1.729999999999999871e-01
1.729999999999999871e-01
1.729999999999999871e-01
1.729999999999999871e-01
1.729999999999999871e-01
1.729999999999999871e-01
1.729999999999999871e-01
1.729999999999999871e-01
1.729999999999999871e-01
1.729999999999999871e-01
1.729999999999999871e-01
1.729999999999999871e-01
1.729999999999999871e-01
1.729999999999999871e-01
1.729999999999999871e-01
1.729999999999999871e-01
1.729999999999999871e-01
1.729999999999999871e-01
1.729999999999999871e-01
1.729999999999999871e-01
1.729999999999999871e-01
1.729999999999999871e-01
1.729999999999999871e-01
1.729999999999999871e-01
1.729999999999999871e-01
1.729999999999999871e-01
1.729999999999999871e-01
1.729999999999999871e-01
1.729999999999999871e-01
1.729999999999999871e-01
1.729999999999999871e-01
1.729999999999999871e-01
1.729999999999999871e-01
1.729999999999999871e-01
1.729999999999999871e-01
1.729999999999999871e-01
1.729999999999999871e-01
1.729999999999999871e-01
1.729999999999999871e-01
1.729999999999999871e-01
1.729999999999999871e-01
1.729999999999999871e-01
1.729999999999999871e-01
1.729999999999999871e-01
1.729999999999999871e-01
1.729999999999999871e-01
1.729999999999999871e-01
1.729999999999999871e-01
1.729999999999999871e-01
1.729999999999999871e-01
1.729999999999999871e-01
1.729999999999999871e-01
1.729999999999999871e-01
1.729999999999999871e-01
1.729999999999999871e-01
1.729999999999999871e-01
1.729999999999999871e-01
1.729999999999999871e-01
1.729999999999999871e-01
1.729999999999999871e-01
1.729999999999999871e-01
1.729999999999999871e-01
1.729999999999999871e-01
1.729999999999999871e-01
1.729999999999999871e-01
1.729999999999999871e-01
1.729999999999999871e-01
1.729999999999999871e-01
1.729999999999999871e-01
1.729999999999999871e-01
1.729999999999999871e-01
1.729999999999999871e-01
1.729999999999999871e-01
1.729999999999999871e-01
1.729999999999999871e-01
1.729999999999999871e-01
1.729999999999999871e-01
1.729999999999999871e-01
1.729999999999999871e-01
1.729999999999999871e-01
1.729999999999999871e-01
1.729999999999999871e-01
1.729999999999999871e-01
1.729999999999999871e-01
1.729999999999999871e-01
1.729999999999999871e-01
1.729999999999999871e-01
1.723333333333333384e-01
1.723333333333333384e-01
1.723333333333333384e-01
1.723333333333333384e-01
1.723333333333333384e-01
1.723333333333333384e-01
1.723333333333333384e-01
1.723333333333333384e-01
1.723333333333333384e-01
1.723333333333333384e-01
1.723333333333333384e-01
1.723333333333333384e-01
1.723333333333333384e-01
1.723333333333333384e-01
1.723333333333333384e-01
1.723333333333333384e-01
1.723333333333333384e-01
1.723333333333333384e-01
1.723333333333333384e-01
1.723333333333333384e-01
1.723333333333333384e-01
1.723333333333333384e-01
1.723333333333333384e-01
1.723333333333333384e-01
1.723333333333333384e-01
1.723333333333333384e-01
1.723333333333333384e-01
1.723333333333333384e-01
1.723333333333333384e-01
1.723333333333333384e-01
1.723333333333333384e-01
1.723333333333333384e-01
1.719999999999999862e-01
1.719999999999999862e-01
1.719999999999999862e-01
1.719999999999999862e-01
1.719999999999999862e-01
1.719999999999999862e-01
1.719999999999999862e-01
1.719999999999999862e-01
1.719999999999999862e-01
1.719999999999999862e-01
1.719999999999999862e-01
1.719999999999999862e-01
1.716666666666666619e-01
1.716666666666666619e-01
1.716666666666666619e-01
1.716666666666666619e-01
1.716666666666666619e-01
1.716666666666666619e-01
1.716666666666666619e-01
1.716666666666666619e-01
1.716666666666666619e-01
1.716666666666666619e-01
1.716666666666666619e-01
1.716666666666666619e-01
1.716666666666666619e-01
1.716666666666666619e-01
1.716666666666666619e-01
1.716666666666666619e-01
1.716666666666666619e-01
1.716666666666666619e-01
1.716666666666666619e-01
1.716666666666666619e-01
1.716666666666666619e-01
1.716666666666666619e-01
1.713333333333333375e-01
1.713333333333333375e-01
1.713333333333333375e-01
1.713333333333333375e-01
1.713333333333333375e-01
1.713333333333333375e-01
1.713333333333333375e-01
1.713333333333333375e-01
1.713333333333333375e-01
1.713333333333333375e-01
1.713333333333333375e-01
1.713333333333333375e-01
1.713333333333333375e-01
1.713333333333333375e-01
1.713333333333333375e-01
1.713333333333333375e-01
1.713333333333333375e-01
1.713333333333333375e-01
1.713333333333333375e-01
1.713333333333333375e-01
1.713333333333333375e-01
1.713333333333333375e-01
1.713333333333333375e-01
1.713333333333333375e-01
1.713333333333333375e-01
1.713333333333333375e-01
1.713333333333333375e-01
1.713333333333333375e-01
1.713333333333333375e-01
1.713333333333333375e-01
1.713333333333333375e-01
1.713333333333333375e-01
1.713333333333333375e-01
1.713333333333333375e-01
1.713333333333333375e-01
1.713333333333333375e-01
1.713333333333333375e-01
1.713333333333333375e-01
1.713333333333333375e-01
1.710000000000000131e-01
1.710000000000000131e-01
1.710000000000000131e-01
1.710000000000000131e-01
1.710000000000000131e-01
1.710000000000000131e-01
1.710000000000000131e-01
1.710000000000000131e-01
1.710000000000000131e-01
1.710000000000000131e-01
1.710000000000000131e-01
1.710000000000000131e-01
1.710000000000000131e-01
1.710000000000000131e-01
1.706666666666666610e-01
1.706666666666666610e-01
1.706666666666666610e-01
1.706666666666666610e-01
1.706666666666666610e-01
1.706666666666666610e-01
1.706666666666666610e-01
1.706666666666666610e-01
1.706666666666666610e-01
1.706666666666666610e-01
1.706666666666666610e-01
1.706666666666666610e-01
1.706666666666666610e-01
1.706666666666666610e-01
1.706666666666666610e-01
1.706666666666666610e-01
1.706666666666666610e-01
1.706666666666666610e-01
1.706666666666666610e-01
1.706666666666666610e-01
1.706666666666666610e-01
1.706666666666666610e-01
1.706666666666666610e-01
1.706666666666666610e-01
1.706666666666666610e-01
1.706666666666666610e-01
1.706666666666666610e-01
1.706666666666666610e-01
1.706666666666666610e-01
1.706666666666666610e-01
1.706666666666666610e-01
1.706666666666666610e-01
1.706666666666666610e-01
1.706666666666666610e-01
1.706666666666666610e-01
1.706666666666666610e-01
1.706666666666666610e-01
1.706666666666666610e-01
1.706666666666666610e-01
1.706666666666666610e-01
1.706666666666666610e-01
1.706666666666666610e-01
1.706666666666666610e-01
1.706666666666666610e-01
1.706666666666666610e-01
1.706666666666666610e-01
1.706666666666666610e-01
1.706666666666666610e-01
1.706666666666666610e-01
1.706666666666666610e-01
1.706666666666666610e-01
1.706666666666666610e-01
1.706666666666666610e-01
1.706666666666666610e-01
1.706666666666666610e-01
1.706666666666666610e-01
1.706666666666666610e-01
1.706666666666666610e-01
1.706666666666666610e-01
1.706666666666666610e-01
1.706666666666666610e-01
1.706666666666666610e-01
1.706666666666666610e-01
1.706666666666666610e-01
1.706666666666666610e-01
1.706666666666666610e-01
1.706666666666666610e-01
1.706666666666666610e-01
1.706666666666666610e-01
1.706666666666666610e-01
1.706666666666666610e-01
1.706666666666666610e-01
1.706666666666666610e-01
1.706666666666666610e-01
1.706666666666666610e-01
1.706666666666666610e-01
1.706666666666666610e-01
1.706666666666666610e-01
1.706666666666666610e-01
1.706666666666666610e-01
1.706666666666666610e-01
1.706666666666666610e-01
1.706666666666666610e-01
1.706666666666666610e-01
1.706666666666666610e-01
1.706666666666666610e-01
1.706666666666666610e-01
1.706666666666666610e-01
1.706666666666666610e-01
1.706666666666666610e-01
1.706666666666666610e-01
1.706666666666666610e-01
1.706666666666666610e-01
1.706666666666666610e-01
1.706666666666666610e-01
1.706666666666666610e-01
1.706666666666666610e-01
1.706666666666666610e-01
1.706666666666666610e-01
1.706666666666666610e-01
1.706666666666666610e-01
1.706666666666666610e-01
1.706666666666666610e-01
1.706666666666666610e-01
1.706666666666666610e-01
1.706666666666666610e-01
1.706666666666666610e-01
1.706666666666666610e-01
1.706666666666666610e-01
1.706666666666666610e-01
1.706666666666666610e-01
1.706666666666666610e-01
1.706666666666666610e-01
1.706666666666666610e-01
1.706666666666666610e-01
1.706666666666666610e-01
1.706666666666666610e-01
1.706666666666666610e-01
1.706666666666666610e-01
1.706666666666666610e-01
1.706666666666666610e-01
1.706666666666666610e-01
1.706666666666666610e-01
1.706666666666666610e-01
1.706666666666666610e-01
1.706666666666666610e-01
1.706666666666666610e-01
1.706666666666666610e-01
1.706666666666666610e-01
1.706666666666666610e-01
1.706666666666666610e-01
1.706666666666666610e-01
1.706666666666666610e-01
1.706666666666666610e-01
1.706666666666666610e-01
1.706666666666666610e-01
1.706666666666666610e-01
1.706666666666666610e-01
1.706666666666666610e-01
1.706666666666666610e-01
1.706666666666666610e-01
1.706666666666666610e-01
1.706666666666666610e-01
1.706666666666666610e-01
1.706666666666666610e-01
1.706666666666666610e-01
1.706666666666666610e-01
1.706666666666666610e-01
1.706666666666666610e-01
1.706666666666666610e-01
1.706666666666666610e-01
1.706666666666666610e-01
1.706666666666666610e-01
1.706666666666666610e-01
1.706666666666666610e-01
1.706666666666666610e-01
1.706666666666666610e-01
1.706666666666666610e-01
1.706666666666666610e-01
1.706666666666666610e-01
1.706666666666666610e-01
1.706666666666666610e-01
1.706666666666666610e-01
1.706666666666666610e-01
1.706666666666666610e-01
1.706666666666666610e-01
1.706666666666666610e-01
1.706666666666666610e-01
1.706666666666666610e-01
1.706666666666666610e-01
1.706666666666666610e-01
1.706666666666666610e-01
1.706666666666666610e-01
1.706666666666666610e-01
1.706666666666666610e-01
1.706666666666666610e-01
1.706666666666666610e-01
1.706666666666666610e-01
1.706666666666666610e-01
1.706666666666666610e-01
1.706666666666666610e-01
1.706666666666666610e-01
1.706666666666666610e-01
1.706666666666666610e-01
1.706666666666666610e-01
1.706666666666666610e-01
1.706666666666666610e-01
1.706666666666666610e-01
1.706666666666666610e-01
1.706666666666666610e-01
1.706666666666666610e-01
1.706666666666666610e-01
1.706666666666666610e-01
1.706666666666666610e-01
1.706666666666666610e-01
1.706666666666666610e-01
1.706666666666666610e-01
1.706666666666666610e-01
1.706666666666666610e-01
1.706666666666666610e-01
1.706666666666666610e-01
1.706666666666666610e-01
1.706666666666666610e-01
1.706666666666666610e-01
1.706666666666666610e-01
1.706666666666666610e-01
1.706666666666666610e-01
1.706666666666666610e-01
1.706666666666666610e-01
1.706666666666666610e-01
1.706666666666666610e-01
1.706666666666666610e-01
1.706666666666666610e-01
1.706666666666666610e-01
1.706666666666666610e-01
1.706666666666666610e-01
1.706666666666666610e-01
1.706666666666666610e-01
1.706666666666666610e-01
1.706666666666666610e-01
1.706666666666666610e-01
1.706666666666666610e-01
1.706666666666666610e-01
1.706666666666666610e-01
1.706666666666666610e-01
1.706666666666666610e-01
1.706666666666666610e-01
1.706666666666666610e-01
1.706666666666666610e-01
1.706666666666666610e-01
1.706666666666666610e-01
1.706666666666666610e-01
1.706666666666666610e-01
1.706666666666666610e-01
1.706666666666666610e-01
1.706666666666666610e-01
1.706666666666666610e-01
1.706666666666666610e-01
1.706666666666666610e-01
1.706666666666666610e-01
1.706666666666666610e-01
1.706666666666666610e-01
1.706666666666666610e-01
1.706666666666666610e-01
1.706666666666666610e-01
1.706666666666666610e-01
1.706666666666666610e-01
1.706666666666666610e-01
1.706666666666666610e-01
1.706666666666666610e-01
1.706666666666666610e-01
1.706666666666666610e-01
1.706666666666666610e-01
1.706666666666666610e-01
1.706666666666666610e-01
1.706666666666666610e-01
1.706666666666666610e-01
1.706666666666666610e-01
1.706666666666666610e-01
1.706666666666666610e-01
1.706666666666666610e-01
1.706666666666666610e-01
1.706666666666666610e-01
1.706666666666666610e-01
1.706666666666666610e-01
1.706666666666666610e-01
1.706666666666666610e-01
1.706666666666666610e-01
1.706666666666666610e-01
1.706666666666666610e-01
1.706666666666666610e-01
1.706666666666666610e-01
1.706666666666666610e-01
1.706666666666666610e-01
1.706666666666666610e-01
1.706666666666666610e-01
1.706666666666666610e-01
1.706666666666666610e-01
1.706666666666666610e-01
1.706666666666666610e-01
1.706666666666666610e-01
1.706666666666666610e-01
1.706666666666666610e-01
1.706666666666666610e-01
1.703333333333333366e-01
1.703333333333333366e-01
1.703333333333333366e-01
1.703333333333333366e-01
1.703333333333333366e-01
1.703333333333333366e-01
1.703333333333333366e-01
1.703333333333333366e-01
1.703333333333333366e-01
1.703333333333333366e-01
1.703333333333333366e-01
1.703333333333333366e-01
1.703333333333333366e-01
1.703333333333333366e-01
1.703333333333333366e-01
1.703333333333333366e-01
1.703333333333333366e-01
1.703333333333333366e-01
1.703333333333333366e-01
1.703333333333333366e-01
1.703333333333333366e-01
1.703333333333333366e-01
1.703333333333333366e-01
1.703333333333333366e-01
1.703333333333333366e-01
1.703333333333333366e-01
1.703333333333333366e-01
1.703333333333333366e-01
1.703333333333333366e-01
1.703333333333333366e-01
1.703333333333333366e-01
1.703333333333333366e-01
1.703333333333333366e-01
1.703333333333333366e-01
1.703333333333333366e-01
1.703333333333333366e-01
1.703333333333333366e-01
1.703333333333333366e-01
1.703333333333333366e-01
1.703333333333333366e-01
1.703333333333333366e-01
1.703333333333333366e-01
1.703333333333333366e-01
1.703333333333333366e-01
1.703333333333333366e-01
1.703333333333333366e-01
1.703333333333333366e-01
1.703333333333333366e-01
1.703333333333333366e-01
1.703333333333333366e-01
1.703333333333333366e-01
1.703333333333333366e-01
1.703333333333333366e-01
1.703333333333333366e-01
1.703333333333333366e-01
1.703333333333333366e-01
1.703333333333333366e-01
1.703333333333333366e-01
1.703333333333333366e-01
1.703333333333333366e-01
1.703333333333333366e-01
1.703333333333333366e-01
1.703333333333333366e-01
1.703333333333333366e-01
1.703333333333333366e-01
1.703333333333333366e-01
1.703333333333333366e-01
1.703333333333333366e-01
1.703333333333333366e-01
1.703333333333333366e-01
1.703333333333333366e-01
1.703333333333333366e-01
1.703333333333333366e-01
1.703333333333333366e-01
1.703333333333333366e-01
1.703333333333333366e-01
1.703333333333333366e-01
1.703333333333333366e-01
1.703333333333333366e-01
1.703333333333333366e-01
1.703333333333333366e-01
1.703333333333333366e-01
1.703333333333333366e-01
1.703333333333333366e-01
1.703333333333333366e-01
1.703333333333333366e-01
1.703333333333333366e-01
1.703333333333333366e-01
1.703333333333333366e-01
1.703333333333333366e-01
1.703333333333333366e-01
1.703333333333333366e-01
1.703333333333333366e-01
1.703333333333333366e-01
1.703333333333333366e-01
1.703333333333333366e-01
1.703333333333333366e-01
1.703333333333333366e-01
1.703333333333333366e-01
1.703333333333333366e-01
1.703333333333333366e-01
1.703333333333333366e-01
1.703333333333333366e-01
1.703333333333333366e-01
1.703333333333333366e-01
1.703333333333333366e-01
1.703333333333333366e-01
1.703333333333333366e-01
1.703333333333333366e-01
1.703333333333333366e-01
1.703333333333333366e-01
1.703333333333333366e-01
1.703333333333333366e-01
1.703333333333333366e-01
1.703333333333333366e-01
1.703333333333333366e-01
1.703333333333333366e-01
1.703333333333333366e-01
1.703333333333333366e-01
1.703333333333333366e-01
1.703333333333333366e-01
1.703333333333333366e-01
1.703333333333333366e-01
1.703333333333333366e-01
1.703333333333333366e-01
1.703333333333333366e-01
1.703333333333333366e-01
1.703333333333333366e-01
1.703333333333333366e-01
1.703333333333333366e-01
1.703333333333333366e-01
1.703333333333333366e-01
1.703333333333333366e-01
1.703333333333333366e-01
1.703333333333333366e-01
1.703333333333333366e-01
1.703333333333333366e-01
1.703333333333333366e-01
1.703333333333333366e-01
1.703333333333333366e-01
1.703333333333333366e-01
1.703333333333333366e-01
1.703333333333333366e-01
1.703333333333333366e-01
1.703333333333333366e-01
1.703333333333333366e-01
1.703333333333333366e-01
1.703333333333333366e-01
1.703333333333333366e-01
1.703333333333333366e-01
1.703333333333333366e-01
1.703333333333333366e-01
1.703333333333333366e-01
1.703333333333333366e-01
1.703333333333333366e-01
1.703333333333333366e-01
1.703333333333333366e-01
1.703333333333333366e-01
1.703333333333333366e-01
1.703333333333333366e-01
1.703333333333333366e-01
1.703333333333333366e-01
1.703333333333333366e-01
1.703333333333333366e-01
1.703333333333333366e-01
1.703333333333333366e-01
1.703333333333333366e-01
1.703333333333333366e-01
1.703333333333333366e-01
1.703333333333333366e-01
1.703333333333333366e-01
1.703333333333333366e-01
1.703333333333333366e-01
1.703333333333333366e-01
1.703333333333333366e-01
1.703333333333333366e-01
1.703333333333333366e-01
1.703333333333333366e-01
1.703333333333333366e-01
1.703333333333333366e-01
1.703333333333333366e-01
1.703333333333333366e-01
1.703333333333333366e-01
1.703333333333333366e-01
1.703333333333333366e-01
1.703333333333333366e-01
1.703333333333333366e-01
1.703333333333333366e-01
1.703333333333333366e-01
1.703333333333333366e-01
1.703333333333333366e-01
1.703333333333333366e-01
1.703333333333333366e-01
1.703333333333333366e-01
1.703333333333333366e-01
1.703333333333333366e-01
1.703333333333333366e-01
1.703333333333333366e-01
1.703333333333333366e-01
1.703333333333333366e-01
1.703333333333333366e-01
1.703333333333333366e-01
1.703333333333333366e-01
1.703333333333333366e-01
1.703333333333333366e-01
1.703333333333333366e-01
1.703333333333333366e-01
1.703333333333333366e-01
1.703333333333333366e-01
1.703333333333333366e-01
1.700000000000000122e-01
1.700000000000000122e-01
1.700000000000000122e-01
1.700000000000000122e-01
1.700000000000000122e-01
1.700000000000000122e-01
1.700000000000000122e-01
1.700000000000000122e-01
1.700000000000000122e-01
1.700000000000000122e-01
1.700000000000000122e-01
1.700000000000000122e-01
1.700000000000000122e-01
1.700000000000000122e-01
1.700000000000000122e-01
1.700000000000000122e-01
1.700000000000000122e-01
1.700000000000000122e-01
1.700000000000000122e-01
1.700000000000000122e-01
1.700000000000000122e-01
1.700000000000000122e-01
1.700000000000000122e-01
1.700000000000000122e-01
1.700000000000000122e-01
1.700000000000000122e-01
1.700000000000000122e-01
1.700000000000000122e-01
1.700000000000000122e-01
1.700000000000000122e-01
1.700000000000000122e-01
1.700000000000000122e-01
1.700000000000000122e-01
1.700000000000000122e-01
1.700000000000000122e-01
1.700000000000000122e-01
1.700000000000000122e-01
1.700000000000000122e-01
1.700000000000000122e-01
