1.500750375187593630e-06
3.000749999812312348e-06
4.500749624437031279e-06
6.000749249061749786e-06
7.500748873686468293e-06
9.000748498311186800e-06
1.050074812293590615e-05
1.200074774756062381e-05
1.350074737218534317e-05
1.500074699681006252e-05
1.650074662143478018e-05
1.800074624605949784e-05
1.950074587068421889e-05
2.100074549530893655e-05
2.250074511993365421e-05
2.400074474455837526e-05
2.550074436918309292e-05
2.700074399380781058e-05
2.850074361843253163e-05
3.000074324305724929e-05
3.150074286768196695e-05
3.300074249230668799e-05
3.450074211693140226e-05
3.600074174155612331e-05
3.750074136618084436e-05
3.900074099080555863e-05
4.050074061543027968e-05
4.200074024005500073e-05
4.350073986467971500e-05
4.500073948930443605e-05
4.650073911392915710e-05
4.800073873855387137e-05
4.950073836317859242e-05
5.100073798780331346e-05
5.250073761242802774e-05
5.400073723705274878e-05
5.550073686167746983e-05
5.700073648630218410e-05
5.850073611092690515e-05
6.000073573555162620e-05
6.150073536017634725e-05
6.300073498480106152e-05
6.450073460942578934e-05
6.600073423405050362e-05
6.750073385867521789e-05
6.900073348329994571e-05
7.050073310792465998e-05
7.200073273254937426e-05
7.350073235717410208e-05
7.500073198179881635e-05
7.650073160642353062e-05
7.800073123104825845e-05
7.950073085567297272e-05
8.100073048029768699e-05
8.250073010492241482e-05
8.400072972954712909e-05
8.550072935417184336e-05
8.700072897879657118e-05
8.850072860342128546e-05
9.000072822804599973e-05
9.150072785267072755e-05
9.300072747729544182e-05
9.450072710192015610e-05
9.600072672654488392e-05
9.750072635116959819e-05
9.900072597579431246e-05
1.005007256004190403e-04
1.020007252250437546e-04
1.035007248496684688e-04
1.050007244742931967e-04
1.065007240989179109e-04
1.080007237235426252e-04
1.095007233481673530e-04
1.110007229727920673e-04
1.125007225974167816e-04
1.140007222220415094e-04
1.155007218466662237e-04
1.170007214712909379e-04
1.185007210959156658e-04
1.200007207205403800e-04
1.215007203451650943e-04
1.230007199697898221e-04
1.245007195944145093e-04
1.260007192190392507e-04
1.275007188436639649e-04
1.290007184682886792e-04
1.305007180929133935e-04
1.320007177175381078e-04
1.335007173421628220e-04
1.350007169667875634e-04
1.365007165914122777e-04
1.380007162160369919e-04
1.395007158406617062e-04
1.410007154652864205e-04
1.425007150899111348e-04
1.440007147145358761e-04
1.455007143391605904e-04
1.470007139637853047e-04
1.485007135884100190e-04
1.500007132130347332e-04
1.515007128376594475e-04
1.530007124622841889e-04
1.545007120869089031e-04
1.560007117115336174e-04
1.575007113361583317e-04
1.590007109607830460e-04
1.605007105854077602e-04
1.620007102100325016e-04
1.635007098346572159e-04
1.650007094592819302e-04
1.665007090839066444e-04
1.680007087085313587e-04
1.695007083331560730e-04
1.710007079577808143e-04
1.725007075824055286e-04
1.740007072070302429e-04
1.755007068316549572e-04
1.770007064562796714e-04
1.785007060809043857e-04
1.800007057055291271e-04
1.815007053301538414e-04
1.830007049547785556e-04
1.845007045794032699e-04
1.860007042040279842e-04
1.875007038286526984e-04
1.890007034532774398e-04
1.905007030779021541e-04
1.920007027025268684e-04
1.935007023271515826e-04
1.950007019517762969e-04
1.965007015764010112e-04
1.980007012010257255e-04
1.995007008256504668e-04
2.010007004502751811e-04
2.025007000748998954e-04
2.040006996995246096e-04
2.055006993241493239e-04
2.070006989487740382e-04
2.085006985733987796e-04
2.100006981980234938e-04
2.115006978226482081e-04
2.130006974472729224e-04
2.145006970718976367e-04
2.160006966965223509e-04
2.175006963211470923e-04
2.190006959457718066e-04
2.205006955703965208e-04
2.220006951950212351e-04
2.235006948196459494e-04
2.250006944442706637e-04
2.265006940688954050e-04
2.280006936935201193e-04
2.295006933181448336e-04
2.310006929427695479e-04
2.325006925673942621e-04
2.340006921920189764e-04
2.355006918166437178e-04
2.370006914412684320e-04
2.385006910658931463e-04
2.400006906905178606e-04
2.415006903151425749e-04
2.430006899397672891e-04
2.445006895643920576e-04
2.460006891890167448e-04
2.475006888136414319e-04
2.490006884382661733e-04
2.505006880628909147e-04
2.520006876875156019e-04
2.535006873121403432e-04
2.550006869367650304e-04
2.565006865613897718e-04
2.580006861860145132e-04
2.595006858106392003e-04
2.610006854352639417e-04
2.625006850598886289e-04
2.640006846845133703e-04
2.655006843091380574e-04
2.670006839337627988e-04
2.685006835583875402e-04
2.700006831830122273e-04
2.715006828076369687e-04
2.730006824322616559e-04
2.745006820568863973e-04
2.760006816815111386e-04
2.775006813061358258e-04
2.790006809307605672e-04
2.805006805553852543e-04
2.820006801800099957e-04
2.835006798046346829e-04
2.850006794292594243e-04
2.865006790538841656e-04
2.880006786785088528e-04
2.895006783031335942e-04
2.910006779277582814e-04
2.925006775523830227e-04
2.940006771770077099e-04
2.955006768016324513e-04
2.970006764262571926e-04
2.985006760508818798e-04
3.000006756755066212e-04
3.015006753001313084e-04
3.030006749247560497e-04
3.045006745493807911e-04
3.060006741740054783e-04
3.075006737986302197e-04
3.090006734232549068e-04
3.105006730478796482e-04
3.120006726725043354e-04
3.135006722971290767e-04
3.150006719217538181e-04
3.165006715463785053e-04
3.180006711710032467e-04
3.195006707956279338e-04
3.210006704202526752e-04
3.225006700448774166e-04
3.240006696695021038e-04
3.255006692941268451e-04
3.270006689187515323e-04
3.285006685433762737e-04
3.300006681680009608e-04
3.315006677926257022e-04
3.330006674172504436e-04
3.345006670418751308e-04
3.360006666664998721e-04
3.375006662911245593e-04
3.390006659157493007e-04
3.405006655403740421e-04
3.420006651649987292e-04
3.435006647896234706e-04
3.450006644142481578e-04
3.465006640388728991e-04
3.480006636634975863e-04
3.495006632881223277e-04
3.510006629127470691e-04
3.525006625373717562e-04
3.540006621619964976e-04
3.555006617866211848e-04
3.570006614112459262e-04
3.585006610358706675e-04
3.600006606604953547e-04
3.615006602851200961e-04
3.630006599097447832e-04
3.645006595343695246e-04
3.660006591589942118e-04
3.675006587836189532e-04
3.690006584082436945e-04
3.705006580328683817e-04
3.720006576574931231e-04
3.735006572821178102e-04
3.750006569067425516e-04
3.765006565313672930e-04
3.780006561559919802e-04
3.795006557806167215e-04
3.810006554052414087e-04
3.825006550298661501e-04
3.840006546544908373e-04
3.855006542791155786e-04
3.870006539037403200e-04
3.885006535283650072e-04
3.900006531529897486e-04
3.915006527776144357e-04
3.930006524022391771e-04
3.945006520268638643e-04
3.960006516514886056e-04
3.975006512761133470e-04
3.990006509007380342e-04
4.005006505253627756e-04
4.020006501499874627e-04
4.035006497746122041e-04
4.050006493992369455e-04
4.065006490238616326e-04
4.080006486484863740e-04
4.095006482731110612e-04
4.110006478977358026e-04
4.125006475223604897e-04
4.140006471469852311e-04
4.155006467716099725e-04
4.170006463962346597e-04
4.185006460208594010e-04
4.200006456454840882e-04
4.215006452701088296e-04
4.230006448947335710e-04
4.245006445193582581e-04
4.260006441439829995e-04
4.275006437686076867e-04
4.290006433932324280e-04
4.305006430178571152e-04
4.320006426424818566e-04
4.335006422671065980e-04
4.350006418917312851e-04
4.365006415163560265e-04
4.380006411409807137e-04
4.395006407656054550e-04
4.410006403902301964e-04
4.425006400148548836e-04
4.440006396394796250e-04
4.455006392641043121e-04
4.470006388887290535e-04
4.485006385133537407e-04
4.500006381379784821e-04
4.515006377626032234e-04
4.530006373872279106e-04
4.545006370118526520e-04
4.560006366364773391e-04
4.575006362611020805e-04
4.590006358857268219e-04
4.605006355103515091e-04
4.620006351349762504e-04
4.635006347596009376e-04
4.650006343842256790e-04
4.665006340088503661e-04
4.680006336334751075e-04
4.695006332580998489e-04
4.710006328827245361e-04
4.725006325073492774e-04
4.740006321319739646e-04
4.755006317565987060e-04
4.770006313812234474e-04
4.785006310058481345e-04
4.800006306304728759e-04
4.815006302550975631e-04
4.830006298797223045e-04
4.845006295043469916e-04
4.860006291289717330e-04
4.875006287535964744e-04
4.890006283782211615e-04
4.905006280028459571e-04
4.920006276274706443e-04
4.935006272520953315e-04
4.950006268767201270e-04
4.965006265013448142e-04
4.980006261259695014e-04
4.995006257505942970e-04
5.010006253752189841e-04
5.025006249998436713e-04
5.040006246244683585e-04
5.055006242490931541e-04
5.070006238737178412e-04
5.085006234983425284e-04
5.100006231229673240e-04
5.115006227475920111e-04
5.130006223722166983e-04
5.145006219968414939e-04
5.160006216214661811e-04
5.175006212460908682e-04
5.190006208707155554e-04
5.205006204953403510e-04
5.220006201199650381e-04
5.235006197445897253e-04
5.250006193692145209e-04
5.265006189938392081e-04
5.280006186184638952e-04
5.295006182430885824e-04
5.310006178677133780e-04
5.325006174923380652e-04
5.340006171169627523e-04
5.355006167415875479e-04
5.370006163662122351e-04
5.385006159908369222e-04
5.400006156154616094e-04
5.415006152400864050e-04
5.430006148647110922e-04
5.445006144893357793e-04
5.460006141139605749e-04
5.475006137385852621e-04
5.490006133632099493e-04
5.505006129878347448e-04
5.520006126124594320e-04
5.535006122370841192e-04
5.550006118617088063e-04
5.565006114863336019e-04
5.580006111109582891e-04
5.595006107355829763e-04
5.610006103602077718e-04
5.625006099848324590e-04
5.640006096094571462e-04
5.655006092340818333e-04
5.670006088587066289e-04
5.685006084833313161e-04
5.700006081079560033e-04
5.715006077325807989e-04
5.730006073572054860e-04
5.745006069818301732e-04
5.760006066064548604e-04
5.775006062310796559e-04
5.790006058557043431e-04
5.805006054803290303e-04
5.820006051049538259e-04
5.835006047295785130e-04
5.850006043542032002e-04
5.865006039788278874e-04
5.880006036034526829e-04
5.895006032280773701e-04
5.910006028527020573e-04
5.925006024773268529e-04
5.940006021019515400e-04
5.955006017265762272e-04
5.970006013512010228e-04
5.985006009758257100e-04
6.000006006004503971e-04
6.015006002250750843e-04
6.030005998496998799e-04
6.045005994743245670e-04
6.060005990989492542e-04
6.075005987235740498e-04
6.090005983481987370e-04
6.105005979728234241e-04
6.120005975974481113e-04
6.135005972220729069e-04
6.150005968466975941e-04
6.165005964713222812e-04
6.180005960959470768e-04
6.195005957205717640e-04
6.210005953451964511e-04
6.225005949698211383e-04
6.240005945944459339e-04
6.255005942190706211e-04
6.270005938436953082e-04
6.285005934683201038e-04
6.300005930929447910e-04
6.315005927175694781e-04
6.330005923421942737e-04
6.345005919668189609e-04
6.360005915914436481e-04
6.375005912160683352e-04
6.390005908406931308e-04
6.405005904653178180e-04
6.420005900899425052e-04
6.435005897145673007e-04
6.450005893391919879e-04
6.465005889638166751e-04
6.480005885884413622e-04
6.495005882130661578e-04
6.510005878376908450e-04
6.525005874623155322e-04
6.540005870869403277e-04
6.555005867115650149e-04
6.570005863361897021e-04
6.585005859608143892e-04
6.600005855854391848e-04
6.615005852100638720e-04
6.630005848346885592e-04
6.645005844593133548e-04
6.660005840839380419e-04
6.675005837085627291e-04
6.690005833331875247e-04
6.705005829578122118e-04
6.720005825824368990e-04
6.735005822070615862e-04
6.750005818316863818e-04
6.765005814563110689e-04
6.780005810809357561e-04
6.795005807055605517e-04
6.810005803301852388e-04
6.825005799548099260e-04
6.840005795794346132e-04
6.855005792040594088e-04
6.870005788286840959e-04
6.885005784533087831e-04
6.900005780779335787e-04
6.915005777025582659e-04
6.930005773271829530e-04
6.945005769518076402e-04
6.960005765764324358e-04
6.975005762010571229e-04
6.990005758256818101e-04
7.005005754503066057e-04
7.020005750749312929e-04
7.035005746995559800e-04
7.050005743241806672e-04
7.065005739488054628e-04
7.080005735734301500e-04
7.095005731980548371e-04
7.110005728226796327e-04
7.125005724473043199e-04
7.140005720719290070e-04
7.155005716965538026e-04
7.170005713211784898e-04
7.185005709458031770e-04
7.200005705704278641e-04
7.215005701950526597e-04
7.230005698196773469e-04
7.245005694443020340e-04
7.260005690689268296e-04
7.275005686935515168e-04
7.290005683181762040e-04
7.305005679428008911e-04
7.320005675674256867e-04
7.335005671920503739e-04
7.350005668166750611e-04
7.365005664412998566e-04
7.380005660659245438e-04
7.395005656905492310e-04
7.410005653151739181e-04
7.425005649397987137e-04
7.440005645644234009e-04
7.455005641890480881e-04
7.470005638136728836e-04
7.485005634382975708e-04
7.500005630629222580e-04
7.515005626875470536e-04
7.530005623121717407e-04
7.545005619367964279e-04
7.560005615614211151e-04
7.575005611860459107e-04
7.590005608106705978e-04
7.605005604352952850e-04
7.620005600599200806e-04
7.635005596845447677e-04
7.650005593091694549e-04
7.665005589337941421e-04
7.680005585584189377e-04
7.695005581830436248e-04
7.710005578076683120e-04
7.725005574322931076e-04
7.740005570569177948e-04
7.755005566815424819e-04
7.770005563061671691e-04
7.785005559307919647e-04
7.800005555554166518e-04
7.815005551800413390e-04
7.830005548046661346e-04
7.845005544292908218e-04
7.860005540539155089e-04
7.875005536785401961e-04
7.890005533031649917e-04
7.905005529277896788e-04
7.920005525524143660e-04
7.935005521770391616e-04
7.950005518016638488e-04
7.965005514262885359e-04
7.980005510509133315e-04
7.995005506755380187e-04
8.010005503001627059e-04
8.025005499247873930e-04
8.040005495494121886e-04
8.055005491740368758e-04
8.070005487986615629e-04
8.085005484232863585e-04
8.100005480479110457e-04
8.115005476725357329e-04
8.130005472971604200e-04
8.145005469217852156e-04
8.160005465464099028e-04
8.175005461710345899e-04
8.190005457956593855e-04
8.205005454202840727e-04
8.220005450449087599e-04
8.235005446695334470e-04
8.250005442941582426e-04
8.265005439187829298e-04
8.280005435434076170e-04
8.295005431680324125e-04
8.310005427926570997e-04
8.325005424172817869e-04
8.340005420419065825e-04
8.355005416665312696e-04
8.370005412911559568e-04
8.385005409157806440e-04
8.400005405404054395e-04
8.415005401650301267e-04
8.430005397896548139e-04
8.445005394142796095e-04
8.460005390389042966e-04
8.475005386635289838e-04
8.490005382881536710e-04
8.505005379127784666e-04
8.520005375374031537e-04
8.535005371620278409e-04
8.550005367866526365e-04
8.565005364112773236e-04
8.580005360359020108e-04
8.595005356605266980e-04
8.610005352851514936e-04
8.625005349097761807e-04
8.640005345344008679e-04
8.655005341590256635e-04
8.670005337836503507e-04
8.685005334082750378e-04
8.700005330328997250e-04
8.715005326575245206e-04
8.730005322821492077e-04
8.745005319067738949e-04
8.760005315313986905e-04
8.775005311560233777e-04
8.790005307806480648e-04
8.805005304052728604e-04
8.820005300298975476e-04
8.835005296545222347e-04
8.850005292791469219e-04
8.865005289037717175e-04
8.880005285283964047e-04
8.895005281530210918e-04
8.910005277776458874e-04
8.925005274022705746e-04
8.940005270268952618e-04
8.955005266515199489e-04
8.970005262761447445e-04
8.985005259007694317e-04
9.000005255253941188e-04
9.015005251500189144e-04
9.030005247746436016e-04
9.045005243992682888e-04
9.060005240238929759e-04
9.075005236485177715e-04
9.090005232731424587e-04
9.105005228977671458e-04
9.120005225223919414e-04
9.135005221470166286e-04
9.150005217716413158e-04
9.165005213962661114e-04
9.180005210208907985e-04
9.195005206455154857e-04
9.210005202701401729e-04
9.225005198947649684e-04
9.240005195193896556e-04
9.255005191440143428e-04
9.270005187686391384e-04
9.285005183932638255e-04
9.300005180178885127e-04
9.315005176425131999e-04
9.330005172671379955e-04
9.345005168917626826e-04
9.360005165163873698e-04
9.375005161410121654e-04
9.390005157656368525e-04
9.405005153902615397e-04
9.420005150148862269e-04
9.435005146395110225e-04
9.450005142641357096e-04
9.465005138887603968e-04
9.480005135133851924e-04
9.495005131380098795e-04
9.510005127626345667e-04
9.525005123872593623e-04
9.540005120118840495e-04
9.555005116365087366e-04
9.570005112611334238e-04
9.585005108857582194e-04
9.600005105103829066e-04
9.615005101350075937e-04
9.630005097596323893e-04
9.645005093842570765e-04
9.660005090088817636e-04
9.675005086335064508e-04
9.690005082581312464e-04
9.705005078827559336e-04
9.720005075073806207e-04
9.735005071320054163e-04
9.750005067566301035e-04
9.765005063812547906e-04
9.780005060058794778e-04
9.795005056305041650e-04
9.810005052551288521e-04
9.825005048797535393e-04
9.840005045043782265e-04
9.855005041290029136e-04
9.870005037536278177e-04
9.885005033782525048e-04
9.900005030028771920e-04
9.915005026275018792e-04
9.930005022521265663e-04
9.945005018767512535e-04
9.960005015013759407e-04
9.975005011260008447e-04
9.990005007506255318e-04
1.000500500375250219e-03
1.002000499999874906e-03
1.003500499624499593e-03
1.005000499249124280e-03
1.006500498873748968e-03
1.008000498498373872e-03
1.009500498122998559e-03
1.011000497747623246e-03
1.012500497372247933e-03
1.014000496996872620e-03
1.015500496621497308e-03
1.017000496246122212e-03
1.018500495870746899e-03
1.020000495495371586e-03
1.021500495119996273e-03
1.023000494744620960e-03
1.024500494369245647e-03
1.026000493993870335e-03
1.027500493618495239e-03
1.029000493243119926e-03
1.030500492867744613e-03
1.032000492492369300e-03
1.033500492116993987e-03
1.035000491741618674e-03
1.036500491366243362e-03
1.038000490990868266e-03
1.039500490615492953e-03
1.041000490240117640e-03
1.042500489864742327e-03
1.044000489489367014e-03
1.045500489113991701e-03
1.047000488738616389e-03
1.048500488363241293e-03
1.050000487987865980e-03
1.051500487612490667e-03
1.053000487237115354e-03
1.054500486861740041e-03
1.056000486486364728e-03
1.057500486110989416e-03
1.059000485735614320e-03
1.060500485360239007e-03
1.062000484984863694e-03
1.063500484609488381e-03
1.065000484234113068e-03
1.066500483858737755e-03
1.068000483483362443e-03
1.069500483107987347e-03
1.071000482732612034e-03
1.072500482357236721e-03
1.074000481981861408e-03
1.075500481606486095e-03
1.077000481231110782e-03
1.078500480855735470e-03
1.080000480480360374e-03
1.081500480104985061e-03
1.083000479729609748e-03
1.084500479354234435e-03
1.086000478978859122e-03
1.087500478603483809e-03
1.089000478228108497e-03
1.090500477852733401e-03
1.092000477477358088e-03
1.093500477101982775e-03
1.095000476726607462e-03
1.096500476351232149e-03
1.098000475975856836e-03
1.099500475600481740e-03
1.101000475225106428e-03
1.102500474849731115e-03
1.104000474474355802e-03
1.105500474098980489e-03
1.107000473723605176e-03
1.108500473348229863e-03
1.110000472972854767e-03
1.111500472597479455e-03
1.113000472222104142e-03
1.114500471846728829e-03
1.116000471471353516e-03
1.117500471095978203e-03
1.119000470720602890e-03
1.120500470345227794e-03
1.122000469969852482e-03
1.123500469594477169e-03
1.125000469219101856e-03
1.126500468843726543e-03
1.128000468468351230e-03
1.129500468092975917e-03
1.131000467717600821e-03
1.132500467342225509e-03
1.134000466966850196e-03
1.135500466591474883e-03
1.137000466216099570e-03
1.138500465840724257e-03
1.140000465465348944e-03
1.141500465089973848e-03
1.143000464714598536e-03
1.144500464339223223e-03
1.146000463963847910e-03
1.147500463588472597e-03
1.149000463213097284e-03
1.150500462837721971e-03
1.152000462462346875e-03
1.153500462086971563e-03
1.155000461711596250e-03
1.156500461336220937e-03
1.158000460960845624e-03
1.159500460585470311e-03
1.161000460210094998e-03
1.162500459834719902e-03
1.164000459459344590e-03
1.165500459083969277e-03
1.167000458708593964e-03
1.168500458333218651e-03
1.170000457957843338e-03
1.171500457582468025e-03
1.173000457207092929e-03
1.174500456831717617e-03
1.176000456456342304e-03
1.177500456080966991e-03
1.179000455705591678e-03
1.180500455330216365e-03
1.182000454954841269e-03
1.183500454579465956e-03
1.185000454204090644e-03
1.186500453828715331e-03
1.188000453453340018e-03
1.189500453077964705e-03
1.191000452702589392e-03
1.192500452327214296e-03
1.194000451951838983e-03
1.195500451576463671e-03
1.197000451201088358e-03
1.198500450825713045e-03
1.200000450450337732e-03
1.201500450074962419e-03
1.203000449699587323e-03
1.204500449324212010e-03
1.206000448948836698e-03
1.207500448573461385e-03
1.209000448198086072e-03
1.210500447822710759e-03
1.212000447447335446e-03
1.213500447071960350e-03
1.215000446696585037e-03
1.216500446321209725e-03
1.218000445945834412e-03
1.219500445570459099e-03
1.221000445195083786e-03
1.222500444819708473e-03
1.224000444444333377e-03
1.225500444068958064e-03
1.227000443693582752e-03
1.228500443318207439e-03
1.230000442942832126e-03
1.231500442567456813e-03
1.233000442192081500e-03
1.234500441816706404e-03
1.236000441441331092e-03
1.237500441065955779e-03
1.239000440690580466e-03
1.240500440315205153e-03
1.242000439939829840e-03
1.243500439564454527e-03
1.245000439189079431e-03
1.246500438813704119e-03
1.248000438438328806e-03
1.249500438062953493e-03
1.251000437687578180e-03
1.252500437312202867e-03
1.254000436936827554e-03
1.255500436561452458e-03
1.257000436186077146e-03
1.258500435810701833e-03
1.260000435435326520e-03
1.261500435059951207e-03
1.263000434684575894e-03
1.264500434309200798e-03
1.266000433933825485e-03
1.267500433558450173e-03
1.269000433183074860e-03
1.270500432807699547e-03
1.272000432432324234e-03
1.273500432056948921e-03
1.275000431681573825e-03
1.276500431306198512e-03
1.278000430930823200e-03
1.279500430555447887e-03
1.281000430180072574e-03
1.282500429804697261e-03
1.284000429429321948e-03
1.285500429053946852e-03
1.287000428678571539e-03
1.288500428303196227e-03
1.290000427927820914e-03
1.291500427552445601e-03
1.293000427177070288e-03
1.294500426801694975e-03
1.296000426426319879e-03
1.297500426050944566e-03
1.299000425675569254e-03
1.300500425300193941e-03
1.302000424924818628e-03
1.303500424549443315e-03
1.305000424174068002e-03
1.306500423798692906e-03
1.308000423423317593e-03
1.309500423047942281e-03
1.311000422672566968e-03
1.312500422297191655e-03
1.314000421921816342e-03
1.315500421546441029e-03
1.317000421171065933e-03
1.318500420795690620e-03
1.320000420420315308e-03
1.321500420044939995e-03
1.323000419669564682e-03
1.324500419294189369e-03
1.326000418918814056e-03
1.327500418543438960e-03
1.329000418168063647e-03
1.330500417792688335e-03
1.332000417417313022e-03
1.333500417041937709e-03
1.335000416666562396e-03
1.336500416291187300e-03
1.338000415915811987e-03
1.339500415540436674e-03
1.341000415165061362e-03
1.342500414789686049e-03
1.344000414414310736e-03
1.345500414038935423e-03
1.347000413663560327e-03
1.348500413288185014e-03
1.350000412912809701e-03
1.351500412537434389e-03
1.353000412162059076e-03
1.354500411786683763e-03
1.356000411411308450e-03
1.357500411035933354e-03
1.359000410660558041e-03
1.360500410285182728e-03
1.362000409909807416e-03
1.363500409534432103e-03
1.365000409159056790e-03
1.366500408783681477e-03
1.368000408408306381e-03
1.369500408032931068e-03
1.371000407657555755e-03
1.372500407282180443e-03
1.374000406906805130e-03
1.375500406531429817e-03
1.377000406156054504e-03
1.378500405780679408e-03
1.380000405405304095e-03
1.381500405029928782e-03
1.383000404654553470e-03
1.384500404279178157e-03
1.386000403903802844e-03
1.387500403528427531e-03
1.389000403153052435e-03
1.390500402777677122e-03
1.392000402402301809e-03
1.393500402026926497e-03
1.395000401651551184e-03
1.396500401276175871e-03
1.398000400900800558e-03
1.399500400525425462e-03
1.401000400150050149e-03
1.402500399774674836e-03
1.404000399399299524e-03
1.405500399023924211e-03
1.407000398648548898e-03
1.408500398273173585e-03
1.410000397897798489e-03
1.411500397522423176e-03
1.413000397147047863e-03
1.414500396771672551e-03
1.416000396396297238e-03
1.417500396020921925e-03
1.419000395645546829e-03
1.420500395270171516e-03
1.422000394894796203e-03
1.423500394519420890e-03
1.425000394144045578e-03
1.426500393768670265e-03
1.428000393393294952e-03
1.429500393017919856e-03
1.431000392642544543e-03
1.432500392267169230e-03
1.434000391891793917e-03
1.435500391516418605e-03
1.437000391141043292e-03
1.438500390765667979e-03
1.440000390390292883e-03
1.441500390014917570e-03
1.443000389639542257e-03
1.444500389264166944e-03
1.446000388888791632e-03
1.447500388513416319e-03
1.449000388138041006e-03
1.450500387762665910e-03
1.452000387387290597e-03
1.453500387011915284e-03
1.455000386636539971e-03
1.456500386261164659e-03
1.458000385885789346e-03
1.459500385510414033e-03
1.461000385135038937e-03
1.462500384759663624e-03
1.464000384384288311e-03
1.465500384008912999e-03
1.467000383633537686e-03
1.468500383258162373e-03
1.470000382882787060e-03
1.471500382507411964e-03
1.473000382132036651e-03
1.474500381756661338e-03
1.476000381381286026e-03
1.477500381005910713e-03
1.479000380630535400e-03
1.480500380255160087e-03
1.482000379879784991e-03
1.483500379504409678e-03
1.485000379129034365e-03
1.486500378753659053e-03
1.488000378378283740e-03
1.489500378002908427e-03
1.491000377627533114e-03
1.492500377252158018e-03
1.494000376876782705e-03
1.495500376501407392e-03
1.497000376126032080e-03
1.498500375750656767e-03
1.500000375375281454e-03
1.501500374999906358e-03
1.503000374624531045e-03
1.504500374249155732e-03
1.506000373873780419e-03
1.507500373498405107e-03
1.509000373123029794e-03
1.510500372747654481e-03
1.512000372372279385e-03
1.513500371996904072e-03
1.515000371621528759e-03
1.516500371246153446e-03
1.518000370870778134e-03
1.519500370495402821e-03
1.521000370120027508e-03
1.522500369744652412e-03
1.524000369369277099e-03
1.525500368993901786e-03
1.527000368618526473e-03
1.528500368243151161e-03
1.530000367867775848e-03
1.531500367492400535e-03
1.533000367117025439e-03
1.534500366741650126e-03
1.536000366366274813e-03
1.537500365990899500e-03
1.539000365615524188e-03
1.540500365240148875e-03
1.542000364864773562e-03
1.543500364489398466e-03
1.545000364114023153e-03
1.546500363738647840e-03
1.548000363363272527e-03
1.549500362987897215e-03
1.551000362612521902e-03
1.552500362237146589e-03
1.554000361861771493e-03
1.555500361486396180e-03
1.557000361111020867e-03
1.558500360735645554e-03
1.560000360360270242e-03
1.561500359984894929e-03
1.563000359609519616e-03
1.564500359234144520e-03
1.566000358858769207e-03
1.567500358483393894e-03
1.569000358108018581e-03
1.570500357732643269e-03
1.572000357357267956e-03
1.573500356981892643e-03
1.575000356606517547e-03
1.576500356231142234e-03
1.578000355855766921e-03
1.579500355480391608e-03
1.581000355105016296e-03
1.582500354729640983e-03
1.584000354354265887e-03
1.585500353978890574e-03
1.587000353603515261e-03
1.588500353228139948e-03
1.590000352852764635e-03
1.591500352477389323e-03
1.593000352102014010e-03
1.594500351726638914e-03
1.596000351351263601e-03
1.597500350975888288e-03
1.599000350600512975e-03
1.600500350225137662e-03
1.602000349849762350e-03
1.603500349474387037e-03
1.605000349099011941e-03
1.606500348723636628e-03
1.608000348348261315e-03
1.609500347972886002e-03
1.611000347597510689e-03
1.612500347222135377e-03
1.614000346846760064e-03
1.615500346471384968e-03
1.617000346096009655e-03
1.618500345720634342e-03
1.620000345345259029e-03
1.621500344969883716e-03
1.623000344594508404e-03
1.624500344219133091e-03
1.626000343843757995e-03
1.627500343468382682e-03
1.629000343093007369e-03
1.630500342717632056e-03
1.632000342342256743e-03
1.633500341966881431e-03
1.635000341591506118e-03
1.636500341216131022e-03
1.638000340840755709e-03
1.639500340465380396e-03
1.641000340090005083e-03
1.642500339714629770e-03
1.644000339339254458e-03
1.645500338963879145e-03
1.647000338588504049e-03
1.648500338213128736e-03
1.650000337837753423e-03
1.651500337462378110e-03
1.653000337087002797e-03
1.654500336711627485e-03
1.656000336336252172e-03
1.657500335960877076e-03
1.659000335585501763e-03
1.660500335210126450e-03
1.662000334834751137e-03
1.663500334459375824e-03
1.665000334084000512e-03
1.666500333708625416e-03
1.668000333333250103e-03
1.669500332957874790e-03
1.671000332582499477e-03
1.672500332207124164e-03
1.674000331831748851e-03
1.675500331456373539e-03
1.677000331080998443e-03
1.678500330705623130e-03
1.680000330330247817e-03
1.681500329954872504e-03
1.683000329579497191e-03
1.684500329204121878e-03
1.686000328828746566e-03
1.687500328453371470e-03
1.689000328077996157e-03
1.690500327702620844e-03
1.692000327327245531e-03
1.693500326951870218e-03
1.695000326576494906e-03
1.696500326201119593e-03
1.698000325825744497e-03
1.699500325450369184e-03
1.701000325074993871e-03
1.702500324699618558e-03
1.704000324324243245e-03
1.705500323948867933e-03
1.707000323573492620e-03
1.708500323198117524e-03
1.710000322822742211e-03
1.711500322447366898e-03
1.713000322071991585e-03
1.714500321696616272e-03
1.716000321321240960e-03
1.717500320945865647e-03
1.719000320570490551e-03
1.720500320195115238e-03
1.722000319819739925e-03
1.723500319444364612e-03
1.725000319068989299e-03
1.726500318693613987e-03
1.728000318318238674e-03
1.729500317942863578e-03
1.731000317567488265e-03
1.732500317192112952e-03
1.734000316816737639e-03
1.735500316441362326e-03
1.737000316065987014e-03
1.738500315690611701e-03
1.740000315315236605e-03
1.741500314939861292e-03
1.743000314564485979e-03
1.744500314189110666e-03
1.746000313813735353e-03
1.747500313438360041e-03
1.749000313062984945e-03
1.750500312687609632e-03
1.752000312312234319e-03
1.753500311936859006e-03
1.755000311561483693e-03
1.756500311186108380e-03
1.758000310810733068e-03
1.759500310435357972e-03
1.761000310059982659e-03
1.762500309684607346e-03
1.764000309309232033e-03
1.765500308933856720e-03
1.767000308558481407e-03
1.768500308183106095e-03
1.770000307807730999e-03
1.771500307432355686e-03
1.773000307056980373e-03
1.774500306681605060e-03
1.776000306306229747e-03
1.777500305930854434e-03
1.779000305555479122e-03
1.780500305180104026e-03
1.782000304804728713e-03
1.783500304429353400e-03
1.785000304053978087e-03
1.786500303678602774e-03
1.788000303303227461e-03
1.789500302927852149e-03
1.791000302552477053e-03
1.792500302177101740e-03
1.794000301801726427e-03
1.795500301426351114e-03
1.797000301050975801e-03
1.798500300675600488e-03
1.800000300300225176e-03
1.801500299924850080e-03
1.803000299549474767e-03
1.804500299174099454e-03
1.806000298798724141e-03
1.807500298423348828e-03
1.809000298047973515e-03
1.810500297672598203e-03
1.812000297297223107e-03
1.813500296921847794e-03
1.815000296546472481e-03
1.816500296171097168e-03
1.818000295795721855e-03
1.819500295420346542e-03
1.821000295044971446e-03
1.822500294669596134e-03
1.824000294294220821e-03
1.825500293918845508e-03
1.827000293543470195e-03
1.828500293168094882e-03
1.830000292792719569e-03
1.831500292417344473e-03
1.833000292041969161e-03
1.834500291666593848e-03
1.836000291291218535e-03
1.837500290915843222e-03
1.839000290540467909e-03
1.840500290165092596e-03
1.842000289789717500e-03
1.843500289414342188e-03
1.845000289038966875e-03
1.846500288663591562e-03
1.848000288288216249e-03
1.849500287912840936e-03
1.851000287537465623e-03
1.852500287162090527e-03
1.854000286786715215e-03
1.855500286411339902e-03
1.857000286035964589e-03
1.858500285660589276e-03
1.860000285285213963e-03
1.861500284909838650e-03
1.863000284534463554e-03
1.864500284159088242e-03
1.866000283783712929e-03
1.867500283408337616e-03
1.869000283032962303e-03
1.870500282657586990e-03
1.872000282282211677e-03
1.873500281906836581e-03
1.875000281531461269e-03
1.876500281156085956e-03
1.878000280780710643e-03
1.879500280405335330e-03
1.881000280029960017e-03
1.882500279654584704e-03
1.884000279279209608e-03
1.885500278903834296e-03
1.887000278528458983e-03
1.888500278153083670e-03
1.890000277777708357e-03
1.891500277402333044e-03
1.893000277026957731e-03
1.894500276651582635e-03
1.896000276276207323e-03
1.897500275900832010e-03
1.899000275525456697e-03
1.900500275150081384e-03
1.902000274774706071e-03
1.903500274399330975e-03
1.905000274023955662e-03
1.906500273648580350e-03
1.908000273273205037e-03
1.909500272897829724e-03
1.911000272522454411e-03
1.912500272147079098e-03
1.914000271771704002e-03
1.915500271396328689e-03
1.917000271020953377e-03
1.918500270645578064e-03
1.920000270270202751e-03
1.921500269894827438e-03
1.923000269519452125e-03
1.924500269144077029e-03
1.926000268768701717e-03
1.927500268393326404e-03
1.929000268017951091e-03
1.930500267642575778e-03
1.932000267267200465e-03
1.933500266891825152e-03
1.935000266516450056e-03
1.936500266141074744e-03
1.938000265765699431e-03
1.939500265390324118e-03
1.941000265014948805e-03
1.942500264639573492e-03
1.944000264264198179e-03
1.945500263888823083e-03
1.947000263513447771e-03
1.948500263138072458e-03
1.950000262762697145e-03
1.951500262387321832e-03
1.953000262011946519e-03
1.954500261636571423e-03
1.956000261261196110e-03
1.957500260885820798e-03
1.959000260510445485e-03
1.960500260135070172e-03
1.962000259759694859e-03
1.963500259384319546e-03
1.965000259008944233e-03
1.966500258633568921e-03
1.968000258258193608e-03
1.969500257882818295e-03
1.971000257507443416e-03
1.972500257132068103e-03
1.974000256756692790e-03
1.975500256381317477e-03
1.977000256005942164e-03
1.978500255630566852e-03
1.980000255255191539e-03
1.981500254879816226e-03
1.983000254504440913e-03
1.984500254129065600e-03
1.986000253753690287e-03
1.987500253378314975e-03
1.989000253002939662e-03
1.990500252627564349e-03
1.992000252252189470e-03
1.993500251876814157e-03
1.995000251501438844e-03
1.996500251126063531e-03
1.998000250750688218e-03
1.999500250375312906e-03
2.001000249999937593e-03
2.002500249624562280e-03
2.004000249249186967e-03
2.005500248873811654e-03
2.007000248498436341e-03
2.008500248123061029e-03
2.010000247747685716e-03
2.011500247372310403e-03
2.013000246996935524e-03
2.014500246621560211e-03
2.016000246246184898e-03
2.017500245870809585e-03
2.019000245495434272e-03
2.020500245120058960e-03
2.022000244744683647e-03
2.023500244369308334e-03
2.025000243993933021e-03
2.026500243618557708e-03
2.028000243243182395e-03
2.029500242867807083e-03
2.031000242492431770e-03
2.032500242117056891e-03
2.034000241741681578e-03
2.035500241366306265e-03
2.037000240990930952e-03
2.038500240615555639e-03
2.040000240240180326e-03
2.041500239864805014e-03
2.043000239489429701e-03
2.044500239114054388e-03
2.046000238738679075e-03
2.047500238363303762e-03
2.049000237987928449e-03
2.050500237612553137e-03
2.052000237237177824e-03
2.053500236861802945e-03
2.055000236486427632e-03
2.056500236111052319e-03
2.058000235735677006e-03
2.059500235360301693e-03
2.061000234984926380e-03
2.062500234609551068e-03
2.064000234234175755e-03
2.065500233858800442e-03
2.067000233483425129e-03
2.068500233108049816e-03
2.070000232732674503e-03
2.071500232357299191e-03
2.073000231981923878e-03
2.074500231606548999e-03
2.076000231231173686e-03
2.077500230855798373e-03
2.079000230480423060e-03
2.080500230105047747e-03
2.082000229729672434e-03
2.083500229354297122e-03
2.085000228978921809e-03
2.086500228603546496e-03
2.088000228228171183e-03
2.089500227852795870e-03
2.091000227477420557e-03
2.092500227102045245e-03
2.094000226726669932e-03
2.095500226351295053e-03
2.097000225975919740e-03
2.098500225600544427e-03
2.100000225225169114e-03
2.101500224849793801e-03
2.103000224474418488e-03
2.104500224099043176e-03
2.106000223723667863e-03
2.107500223348292550e-03
2.109000222972917237e-03
2.110500222597541924e-03
2.112000222222166611e-03
2.113500221846791299e-03
2.115000221471416419e-03
2.116500221096041107e-03
2.118000220720665794e-03
2.119500220345290481e-03
2.121000219969915168e-03
2.122500219594539855e-03
2.124000219219164542e-03
2.125500218843789230e-03
2.127000218468413917e-03
2.128500218093038604e-03
2.130000217717663291e-03
2.131500217342287978e-03
2.133000216966912665e-03
2.134500216591537353e-03
2.136000216216162473e-03
2.137500215840787161e-03
2.139000215465411848e-03
2.140500215090036535e-03
2.142000214714661222e-03
2.143500214339285909e-03
2.145000213963910596e-03
2.146500213588535284e-03
2.148000213213159971e-03
2.149500212837784658e-03
2.151000212462409345e-03
2.152500212087034032e-03
2.154000211711658719e-03
2.155500211336283407e-03
2.157000210960908528e-03
2.158500210585533215e-03
2.160000210210157902e-03
2.161500209834782589e-03
2.163000209459407276e-03
2.164500209084031963e-03
2.166000208708656651e-03
2.167500208333281338e-03
2.169000207957906025e-03
2.170500207582530712e-03
2.172000207207155399e-03
2.173500206831780086e-03
2.175000206456404774e-03
2.176500206081029461e-03
2.178000205705654582e-03
2.179500205330279269e-03
2.181000204954903956e-03
2.182500204579528643e-03
2.184000204204153330e-03
2.185500203828778017e-03
2.187000203453402705e-03
2.188500203078027392e-03
2.190000202702652079e-03
2.191500202327276766e-03
2.193000201951901453e-03
2.194500201576526140e-03
2.196000201201150828e-03
2.197500200825775948e-03
2.199000200450400636e-03
2.200500200075025323e-03
2.202000199699650010e-03
2.203500199324274697e-03
2.205000198948899384e-03
2.206500198573524071e-03
2.208000198198148759e-03
2.209500197822773446e-03
2.211000197447398133e-03
2.212500197072022820e-03
2.214000196696647507e-03
2.215500196321272194e-03
2.217000195945896882e-03
2.218500195570522002e-03
2.220000195195146690e-03
2.221500194819771377e-03
2.223000194444396064e-03
2.224500194069020751e-03
2.226000193693645438e-03
2.227500193318270125e-03
2.229000192942894813e-03
2.230500192567519500e-03
2.232000192192144187e-03
2.233500191816768874e-03
2.235000191441393561e-03
2.236500191066018248e-03
2.238000190690642936e-03
2.239500190315268056e-03
2.241000189939892744e-03
2.242500189564517431e-03
2.244000189189142118e-03
2.245500188813766805e-03
2.247000188438391492e-03
2.248500188063016179e-03
2.250000187687640867e-03
2.251500187312265554e-03
2.253000186936890241e-03
2.254500186561514928e-03
2.256000186186139615e-03
2.257500185810764302e-03
2.259000185435388990e-03
2.260500185060014110e-03
2.262000184684638798e-03
2.263500184309263485e-03
2.265000183933888172e-03
2.266500183558512859e-03
2.268000183183137546e-03
2.269500182807762233e-03
2.271000182432386921e-03
2.272500182057011608e-03
2.274000181681636295e-03
2.275500181306260982e-03
2.277000180930885669e-03
2.278500180555510356e-03
2.280000180180135477e-03
2.281500179804760164e-03
2.283000179429384852e-03
2.284500179054009539e-03
2.286000178678634226e-03
2.287500178303258913e-03
2.289000177927883600e-03
2.290500177552508287e-03
2.292000177177132975e-03
2.293500176801757662e-03
2.295000176426382349e-03
2.296500176051007036e-03
2.298000175675631723e-03
2.299500175300256410e-03
2.301000174924881531e-03
2.302500174549506218e-03
2.304000174174130906e-03
2.305500173798755593e-03
2.307000173423380280e-03
2.308500173048004967e-03
2.310000172672629654e-03
2.311500172297254341e-03
2.313000171921879029e-03
2.314500171546503716e-03
2.316000171171128403e-03
2.317500170795753090e-03
2.319000170420377777e-03
2.320500170045002464e-03
2.322000169669627585e-03
2.323500169294252272e-03
2.325000168918876960e-03
2.326500168543501647e-03
2.328000168168126334e-03
2.329500167792751021e-03
2.331000167417375708e-03
2.332500167042000395e-03
2.334000166666625083e-03
2.335500166291249770e-03
2.337000165915874457e-03
2.338500165540499144e-03
2.340000165165123831e-03
2.341500164789748518e-03
2.343000164414373639e-03
2.344500164038998326e-03
2.346000163663623014e-03
2.347500163288247701e-03
2.349000162912872388e-03
2.350500162537497075e-03
2.352000162162121762e-03
2.353500161786746449e-03
2.355000161411371137e-03
2.356500161035995824e-03
2.358000160660620511e-03
2.359500160285245198e-03
2.361000159909869885e-03
2.362500159534495006e-03
2.364000159159119693e-03
2.365500158783744380e-03
2.367000158408369068e-03
2.368500158032993755e-03
2.370000157657618442e-03
2.371500157282243129e-03
2.373000156906867816e-03
2.374500156531492503e-03
2.376000156156117191e-03
2.377500155780741878e-03
2.379000155405366565e-03
2.380500155029991252e-03
2.382000154654615939e-03
2.383500154279241060e-03
2.385000153903865747e-03
2.386500153528490435e-03
2.388000153153115122e-03
2.389500152777739809e-03
2.391000152402364496e-03
2.392500152026989183e-03
2.394000151651613870e-03
2.395500151276238558e-03
2.397000150900863245e-03
2.398500150525487932e-03
2.400000150150112619e-03
2.401500149774737306e-03
2.403000149399361993e-03
2.404500149023987114e-03
2.406000148648611801e-03
2.407500148273236489e-03
2.409000147897861176e-03
2.410500147522485863e-03
2.412000147147110550e-03
2.413500146771735237e-03
2.415000146396359924e-03
2.416500146020984612e-03
2.418000145645609299e-03
2.419500145270233986e-03
2.421000144894858673e-03
2.422500144519483360e-03
2.424000144144108047e-03
2.425500143768733168e-03
2.427000143393357855e-03
2.428500143017982543e-03
2.430000142642607230e-03
2.431500142267231917e-03
2.433000141891856604e-03
2.434500141516481291e-03
2.436000141141105978e-03
2.437500140765730666e-03
2.439000140390355353e-03
2.440500140014980040e-03
2.442000139639604727e-03
2.443500139264229414e-03
2.445000138888854535e-03
2.446500138513479222e-03
2.448000138138103909e-03
2.449500137762728597e-03
2.451000137387353284e-03
2.452500137011977971e-03
2.454000136636602658e-03
2.455500136261227345e-03
2.457000135885852032e-03
2.458500135510476720e-03
2.460000135135101407e-03
2.461500134759726094e-03
2.463000134384350781e-03
2.464500134008975468e-03
2.466000133633600589e-03
2.467500133258225276e-03
2.469000132882849963e-03
2.470500132507474651e-03
2.472000132132099338e-03
2.473500131756724025e-03
2.475000131381348712e-03
2.476500131005973399e-03
2.478000130630598086e-03
2.479500130255222774e-03
2.481000129879847461e-03
2.482500129504472148e-03
2.484000129129096835e-03
2.485500128753721522e-03
2.487000128378346643e-03
2.488500128002971330e-03
2.490000127627596017e-03
2.491500127252220705e-03
2.493000126876845392e-03
2.494500126501470079e-03
2.496000126126094766e-03
2.497500125750719453e-03
2.499000125375344140e-03
2.500500124999968828e-03
2.502000124624593515e-03
2.503500124249218202e-03
2.505000123873842889e-03
2.506500123498467576e-03
2.508000123123092697e-03
2.509500122747717384e-03
2.511000122372342071e-03
2.512500121996966759e-03
2.514000121621591446e-03
2.515500121246216133e-03
2.517000120870840820e-03
2.518500120495465507e-03
2.520000120120090194e-03
2.521500119744714882e-03
2.523000119369339569e-03
2.524500118993964256e-03
2.526000118618588943e-03
2.527500118243214064e-03
2.529000117867838751e-03
2.530500117492463438e-03
2.532000117117088125e-03
2.533500116741712813e-03
2.535000116366337500e-03
2.536500115990962187e-03
2.538000115615586874e-03
2.539500115240211561e-03
2.541000114864836248e-03
2.542500114489460936e-03
2.544000114114085623e-03
2.545500113738710310e-03
2.547000113363334997e-03
2.548500112987960118e-03
2.550000112612584805e-03
2.551500112237209492e-03
2.553000111861834179e-03
2.554500111486458867e-03
2.556000111111083554e-03
2.557500110735708241e-03
2.559000110360332928e-03
2.560500109984957615e-03
2.562000109609582302e-03
2.563500109234206990e-03
2.565000108858831677e-03
2.566500108483456364e-03
2.568000108108081051e-03
2.569500107732706172e-03
2.571000107357330859e-03
2.572500106981955546e-03
2.574000106606580233e-03
2.575500106231204921e-03
2.577000105855829608e-03
2.578500105480454295e-03
2.580000105105078982e-03
2.581500104729703669e-03
2.583000104354328356e-03
2.584500103978953044e-03
2.586000103603577731e-03
2.587500103228202418e-03
2.589000102852827539e-03
2.590500102477452226e-03
2.592000102102076913e-03
2.593500101726701600e-03
2.595000101351326287e-03
2.596500100975950975e-03
2.598000100600575662e-03
2.599500100225200349e-03
2.601000099849825036e-03
2.602500099474449723e-03
2.604000099099074410e-03
2.605500098723699098e-03
2.607000098348323785e-03
2.608500097972948472e-03
2.610000097597573593e-03
2.611500097222198280e-03
2.613000096846822967e-03
2.614500096471447654e-03
2.616000096096072342e-03
2.617500095720697029e-03
2.619000095345321716e-03
2.620500094969946403e-03
2.622000094594571090e-03
2.623500094219195777e-03
2.625000093843820465e-03
2.626500093468445152e-03
2.628000093093069839e-03
2.629500092717694526e-03
2.631000092342319647e-03
2.632500091966944334e-03
2.634000091591569021e-03
2.635500091216193708e-03
2.637000090840818396e-03
2.638500090465443083e-03
2.640000090090067770e-03
2.641500089714692457e-03
2.643000089339317144e-03
2.644500088963941831e-03
2.646000088588566519e-03
2.647500088213191206e-03
2.649000087837815893e-03
2.650500087462440580e-03
2.652000087087065701e-03
2.653500086711690388e-03
2.655000086336315075e-03
2.656500085960939762e-03
2.658000085585564450e-03
2.659500085210189137e-03
2.661000084834813824e-03
2.662500084459438511e-03
2.664000084084063198e-03
2.665500083708687885e-03
2.667000083333312573e-03
2.668500082957937260e-03
2.670000082582561947e-03
2.671500082207187068e-03
2.673000081831811755e-03
2.674500081456436442e-03
2.676000081081061129e-03
2.677500080705685816e-03
2.679000080330310504e-03
2.680500079954935191e-03
2.682000079579559878e-03
2.683500079204184565e-03
2.685000078828809252e-03
2.686500078453433939e-03
2.688000078078058627e-03
2.689500077702683314e-03
2.691000077327308001e-03
2.692500076951933122e-03
2.694000076576557809e-03
2.695500076201182496e-03
2.697000075825807183e-03
2.698500075450431870e-03
2.700000075075056558e-03
2.701500074699681245e-03
2.703000074324305932e-03
2.704500073948930619e-03
2.706000073573555306e-03
2.707500073198179993e-03
2.709000072822804681e-03
2.710500072447429368e-03
2.712000072072054055e-03
2.713500071696679176e-03
2.715000071321303863e-03
2.716500070945928550e-03
2.718000070570553237e-03
2.719500070195177924e-03
2.721000069819802612e-03
2.722500069444427299e-03
2.724000069069051986e-03
2.725500068693676673e-03
2.727000068318301360e-03
2.728500067942926047e-03
2.730000067567550735e-03
2.731500067192175422e-03
2.733000066816800109e-03
2.734500066441425230e-03
2.736000066066049917e-03
2.737500065690674604e-03
2.739000065315299291e-03
2.740500064939923978e-03
2.742000064564548666e-03
2.743500064189173353e-03
2.745000063813798040e-03
2.746500063438422727e-03
2.748000063063047414e-03
2.749500062687672101e-03
2.751000062312296789e-03
2.752500061936921476e-03
2.754000061561546597e-03
2.755500061186171284e-03
2.757000060810795971e-03
2.758500060435420658e-03
2.760000060060045345e-03
2.761500059684670032e-03
2.763000059309294720e-03
2.764500058933919407e-03
2.766000058558544094e-03
2.767500058183168781e-03
2.769000057807793468e-03
2.770500057432418155e-03
2.772000057057042843e-03
2.773500056681667530e-03
2.775000056306292651e-03
2.776500055930917338e-03
2.778000055555542025e-03
2.779500055180166712e-03
2.781000054804791399e-03
2.782500054429416086e-03
2.784000054054040774e-03
2.785500053678665461e-03
2.787000053303290148e-03
2.788500052927914835e-03
2.790000052552539522e-03
2.791500052177164209e-03
2.793000051801788897e-03
2.794500051426413584e-03
2.796000051051038705e-03
2.797500050675663392e-03
2.799000050300288079e-03
2.800500049924912766e-03
2.802000049549537453e-03
2.803500049174162140e-03
2.805000048798786828e-03
2.806500048423411515e-03
2.808000048048036202e-03
2.809500047672660889e-03
2.811000047297285576e-03
2.812500046921910263e-03
2.814000046546534951e-03
2.815500046171159638e-03
2.817000045795784759e-03
2.818500045420409446e-03
2.820000045045034133e-03
2.821500044669658820e-03
2.823000044294283507e-03
2.824500043918908194e-03
2.826000043543532882e-03
2.827500043168157569e-03
2.829000042792782256e-03
2.830500042417406943e-03
2.832000042042031630e-03
2.833500041666656317e-03
2.835000041291281005e-03
2.836500040915906126e-03
2.838000040540530813e-03
2.839500040165155500e-03
2.841000039789780187e-03
2.842500039414404874e-03
2.844000039039029561e-03
2.845500038663654249e-03
2.847000038288278936e-03
2.848500037912903623e-03
2.850000037537528310e-03
2.851500037162152997e-03
2.853000036786777684e-03
2.854500036411402372e-03
2.856000036036027059e-03
2.857500035660652180e-03
2.859000035285276867e-03
2.860500034909901554e-03
2.862000034534526241e-03
2.863500034159150928e-03
2.865000033783775615e-03
2.866500033408400303e-03
2.868000033033024990e-03
2.869500032657649677e-03
2.871000032282274364e-03
2.872500031906899051e-03
2.874000031531523738e-03
2.875500031156148426e-03
2.877000030780773113e-03
2.878500030405398234e-03
2.880000030030022921e-03
2.881500029654647608e-03
2.883000029279272295e-03
2.884500028903896982e-03
2.886000028528521669e-03
2.887500028153146357e-03
2.889000027777771044e-03
2.890500027402395731e-03
2.892000027027020418e-03
2.893500026651645105e-03
2.895000026276269792e-03
2.896500025900894480e-03
2.898000025525519167e-03
2.899500025150144288e-03
2.901000024774768975e-03
2.902500024399393662e-03
2.904000024024018349e-03
2.905500023648643036e-03
2.907000023273267723e-03
2.908500022897892411e-03
2.910000022522517098e-03
2.911500022147141785e-03
2.913000021771766472e-03
2.914500021396391159e-03
2.916000021021015846e-03
2.917500020645640534e-03
2.919000020270265654e-03
2.920500019894890342e-03
2.922000019519515029e-03
2.923500019144139716e-03
2.925000018768764403e-03
2.926500018393389090e-03
2.928000018018013777e-03
2.929500017642638465e-03
2.931000017267263152e-03
2.932500016891887839e-03
2.934000016516512526e-03
2.935500016141137213e-03
2.937000015765761900e-03
2.938500015390386588e-03
2.940000015015011708e-03
2.941500014639636396e-03
2.943000014264261083e-03
2.944500013888885770e-03
2.946000013513510457e-03
2.947500013138135144e-03
2.949000012762759831e-03
2.950500012387384519e-03
2.952000012012009206e-03
2.953500011636633893e-03
2.955000011261258580e-03
2.956500010885883267e-03
2.958000010510507954e-03
2.959500010135132642e-03
2.961000009759757762e-03
2.962500009384382450e-03
2.964000009009007137e-03
2.965500008633631824e-03
2.967000008258256511e-03
2.968500007882881198e-03
2.970000007507505885e-03
2.971500007132130573e-03
2.973000006756755260e-03
2.974500006381379947e-03
2.976000006006004634e-03
2.977500005630629321e-03
2.979000005255254008e-03
2.980500004879878696e-03
2.982000004504503816e-03
2.983500004129128504e-03
2.985000003753753191e-03
2.986500003378377878e-03
2.988000003003002565e-03
2.989500002627627252e-03
2.991000002252251939e-03
2.992500001876876627e-03
2.994000001501501314e-03
2.995500001126126001e-03
2.997000000750750688e-03
2.998500000375375375e-03
3.000000000000000062e-03
