3.293333333333333113e-01
3.293333333333333113e-01
3.293333333333333113e-01
3.293333333333333113e-01
3.293333333333333113e-01
3.293333333333333113e-01
3.293333333333333113e-01
3.293333333333333113e-01
3.293333333333333113e-01
3.290000000000000147e-01
3.276666666666666616e-01
3.246666666666666590e-01
3.186666666666666536e-01
3.150000000000000022e-01
3.079999999999999960e-01
2.989999999999999880e-01
2.909999999999999809e-01
2.836666666666666781e-01
2.763333333333333197e-01
2.706666666666666665e-01
2.636666666666666603e-01
2.566666666666666541e-01
2.500000000000000000e-01
2.466666666666666730e-01
2.423333333333333450e-01
2.366666666666666641e-01
2.316666666666666596e-01
2.250000000000000056e-01
2.193333333333333246e-01
2.133333333333333470e-01
2.093333333333333435e-01
2.049999999999999878e-01
1.993333333333333346e-01
1.966666666666666563e-01
1.936666666666666536e-01
1.896666666666666778e-01
1.869999999999999996e-01
1.836666666666666725e-01
1.793333333333333446e-01
1.753333333333333410e-01
1.726666666666666627e-01
1.693333333333333357e-01
1.683333333333333348e-01
1.633333333333333304e-01
1.616666666666666530e-01
1.603333333333333277e-01
1.593333333333333268e-01
1.580000000000000016e-01
1.566666666666666763e-01
1.556666666666666754e-01
1.533333333333333215e-01
1.526666666666666727e-01
1.513333333333333197e-01
1.496666666666666701e-01
1.486666666666666692e-01
1.483333333333333448e-01
1.476666666666666683e-01
1.466666666666666674e-01
1.456666666666666665e-01
1.446666666666666656e-01
1.436666666666666647e-01
1.433333333333333404e-01
1.423333333333333395e-01
1.416666666666666630e-01
1.409999999999999865e-01
1.403333333333333377e-01
1.403333333333333377e-01
1.403333333333333377e-01
1.400000000000000133e-01
1.400000000000000133e-01
1.396666666666666612e-01
1.393333333333333368e-01
1.393333333333333368e-01
1.390000000000000124e-01
1.390000000000000124e-01
1.386666666666666603e-01
1.386666666666666603e-01
1.386666666666666603e-01
1.383333333333333359e-01
1.370000000000000107e-01
1.366666666666666585e-01
1.366666666666666585e-01
1.366666666666666585e-01
1.363333333333333341e-01
1.363333333333333341e-01
1.363333333333333341e-01
1.363333333333333341e-01
1.363333333333333341e-01
1.363333333333333341e-01
1.363333333333333341e-01
1.363333333333333341e-01
1.363333333333333341e-01
1.356666666666666576e-01
1.356666666666666576e-01
1.356666666666666576e-01
1.356666666666666576e-01
1.356666666666666576e-01
1.346666666666666567e-01
1.346666666666666567e-01
1.346666666666666567e-01
1.343333333333333324e-01
1.343333333333333324e-01
1.343333333333333324e-01
1.336666666666666559e-01
1.336666666666666559e-01
1.333333333333333315e-01
1.333333333333333315e-01
1.333333333333333315e-01
1.326666666666666550e-01
1.323333333333333306e-01
1.323333333333333306e-01
1.316666666666666541e-01
1.316666666666666541e-01
1.316666666666666541e-01
1.316666666666666541e-01
1.316666666666666541e-01
1.316666666666666541e-01
1.313333333333333297e-01
1.313333333333333297e-01
1.313333333333333297e-01
1.313333333333333297e-01
1.313333333333333297e-01
1.313333333333333297e-01
1.310000000000000053e-01
1.310000000000000053e-01
1.310000000000000053e-01
1.310000000000000053e-01
1.310000000000000053e-01
1.306666666666666532e-01
1.303333333333333288e-01
1.303333333333333288e-01
1.300000000000000044e-01
1.293333333333333279e-01
1.290000000000000036e-01
1.283333333333333270e-01
1.280000000000000027e-01
1.273333333333333262e-01
1.270000000000000018e-01
1.266666666666666774e-01
1.263333333333333253e-01
1.263333333333333253e-01
1.263333333333333253e-01
1.260000000000000009e-01
1.260000000000000009e-01
1.253333333333333244e-01
1.250000000000000000e-01
1.246666666666666617e-01
1.246666666666666617e-01
1.243333333333333374e-01
1.243333333333333374e-01
1.243333333333333374e-01
1.243333333333333374e-01
1.243333333333333374e-01
1.243333333333333374e-01
1.239999999999999991e-01
1.233333333333333365e-01
1.229999999999999982e-01
1.229999999999999982e-01
1.226666666666666600e-01
1.226666666666666600e-01
1.226666666666666600e-01
1.223333333333333356e-01
1.223333333333333356e-01
1.219999999999999973e-01
1.213333333333333347e-01
1.209999999999999964e-01
1.206666666666666721e-01
1.206666666666666721e-01
1.199999999999999956e-01
1.199999999999999956e-01
1.196666666666666712e-01
1.196666666666666712e-01
1.196666666666666712e-01
1.193333333333333329e-01
1.193333333333333329e-01
1.189999999999999947e-01
1.179999999999999938e-01
1.179999999999999938e-01
1.176666666666666694e-01
1.176666666666666694e-01
1.173333333333333311e-01
1.166666666666666685e-01
1.166666666666666685e-01
1.166666666666666685e-01
1.166666666666666685e-01
1.166666666666666685e-01
1.166666666666666685e-01
1.166666666666666685e-01
1.163333333333333303e-01
1.163333333333333303e-01
1.163333333333333303e-01
1.163333333333333303e-01
1.160000000000000059e-01
1.160000000000000059e-01
1.160000000000000059e-01
1.160000000000000059e-01
1.160000000000000059e-01
1.160000000000000059e-01
1.160000000000000059e-01
1.160000000000000059e-01
1.156666666666666676e-01
1.156666666666666676e-01
1.156666666666666676e-01
1.156666666666666676e-01
1.156666666666666676e-01
1.156666666666666676e-01
1.156666666666666676e-01
1.153333333333333294e-01
1.153333333333333294e-01
1.153333333333333294e-01
1.150000000000000050e-01
1.143333333333333285e-01
1.143333333333333285e-01
1.143333333333333285e-01
1.140000000000000041e-01
1.140000000000000041e-01
1.140000000000000041e-01
1.133333333333333276e-01
1.130000000000000032e-01
1.130000000000000032e-01
1.130000000000000032e-01
1.126666666666666650e-01
1.123333333333333267e-01
1.123333333333333267e-01
1.120000000000000023e-01
1.116666666666666641e-01
1.113333333333333397e-01
1.113333333333333397e-01
1.113333333333333397e-01
1.113333333333333397e-01
1.106666666666666632e-01
1.106666666666666632e-01
1.103333333333333388e-01
1.103333333333333388e-01
1.100000000000000006e-01
1.100000000000000006e-01
1.093333333333333379e-01
1.093333333333333379e-01
1.089999999999999997e-01
1.089999999999999997e-01
1.089999999999999997e-01
1.089999999999999997e-01
1.089999999999999997e-01
1.086666666666666614e-01
1.083333333333333370e-01
1.083333333333333370e-01
1.076666666666666605e-01
1.076666666666666605e-01
1.076666666666666605e-01
1.069999999999999979e-01
1.069999999999999979e-01
1.069999999999999979e-01
1.069999999999999979e-01
1.066666666666666735e-01
1.066666666666666735e-01
1.066666666666666735e-01
1.066666666666666735e-01
1.063333333333333353e-01
1.059999999999999970e-01
1.059999999999999970e-01
1.059999999999999970e-01
1.059999999999999970e-01
1.056666666666666726e-01
1.056666666666666726e-01
1.056666666666666726e-01
1.053333333333333344e-01
1.053333333333333344e-01
1.053333333333333344e-01
1.049999999999999961e-01
1.049999999999999961e-01
1.049999999999999961e-01
1.049999999999999961e-01
1.046666666666666717e-01
1.043333333333333335e-01
1.043333333333333335e-01
1.043333333333333335e-01
1.043333333333333335e-01
1.043333333333333335e-01
1.043333333333333335e-01
1.036666666666666708e-01
1.033333333333333326e-01
1.033333333333333326e-01
1.029999999999999943e-01
1.026666666666666700e-01
1.026666666666666700e-01
1.026666666666666700e-01
1.026666666666666700e-01
1.026666666666666700e-01
1.023333333333333317e-01
1.023333333333333317e-01
1.023333333333333317e-01
1.023333333333333317e-01
1.023333333333333317e-01
1.023333333333333317e-01
1.023333333333333317e-01
1.023333333333333317e-01
1.019999999999999934e-01
1.019999999999999934e-01
1.019999999999999934e-01
1.019999999999999934e-01
1.016666666666666691e-01
1.016666666666666691e-01
1.016666666666666691e-01
1.016666666666666691e-01
1.013333333333333308e-01
1.013333333333333308e-01
1.013333333333333308e-01
1.013333333333333308e-01
1.013333333333333308e-01
1.013333333333333308e-01
1.013333333333333308e-01
1.013333333333333308e-01
1.013333333333333308e-01
1.013333333333333308e-01
1.013333333333333308e-01
1.013333333333333308e-01
1.013333333333333308e-01
1.010000000000000064e-01
1.010000000000000064e-01
1.006666666666666682e-01
1.006666666666666682e-01
1.006666666666666682e-01
1.006666666666666682e-01
1.006666666666666682e-01
1.006666666666666682e-01
1.006666666666666682e-01
1.006666666666666682e-01
1.006666666666666682e-01
1.006666666666666682e-01
1.006666666666666682e-01
1.006666666666666682e-01
1.006666666666666682e-01
9.966666666666666730e-02
9.966666666666666730e-02
9.900000000000000466e-02
9.900000000000000466e-02
9.900000000000000466e-02
9.866666666666666641e-02
9.866666666666666641e-02
9.833333333333332815e-02
9.833333333333332815e-02
9.833333333333332815e-02
9.833333333333332815e-02
9.800000000000000377e-02
9.800000000000000377e-02
9.800000000000000377e-02
9.766666666666666552e-02
9.766666666666666552e-02
9.766666666666666552e-02
9.766666666666666552e-02
9.766666666666666552e-02
9.766666666666666552e-02
9.766666666666666552e-02
9.733333333333332726e-02
9.666666666666666463e-02
9.633333333333334025e-02
9.633333333333334025e-02
9.633333333333334025e-02
9.633333333333334025e-02
9.633333333333334025e-02
9.600000000000000200e-02
9.600000000000000200e-02
9.600000000000000200e-02
9.600000000000000200e-02
9.566666666666666374e-02
9.566666666666666374e-02
9.566666666666666374e-02
9.566666666666666374e-02
9.566666666666666374e-02
9.566666666666666374e-02
9.566666666666666374e-02
9.566666666666666374e-02
9.566666666666666374e-02
9.466666666666666285e-02
9.466666666666666285e-02
9.466666666666666285e-02
9.433333333333333848e-02
9.433333333333333848e-02
9.433333333333333848e-02
9.433333333333333848e-02
9.433333333333333848e-02
9.400000000000000022e-02
9.400000000000000022e-02
9.400000000000000022e-02
9.400000000000000022e-02
9.400000000000000022e-02
9.400000000000000022e-02
9.400000000000000022e-02
9.400000000000000022e-02
9.400000000000000022e-02
9.400000000000000022e-02
9.366666666666666197e-02
9.366666666666666197e-02
9.366666666666666197e-02
9.366666666666666197e-02
9.366666666666666197e-02
9.299999999999999933e-02
9.299999999999999933e-02
9.266666666666666108e-02
9.233333333333333670e-02
9.166666666666666019e-02
9.166666666666666019e-02
9.166666666666666019e-02
9.166666666666666019e-02
9.166666666666666019e-02
9.166666666666666019e-02
9.166666666666666019e-02
9.133333333333333581e-02
9.133333333333333581e-02
9.133333333333333581e-02
9.133333333333333581e-02
9.133333333333333581e-02
9.133333333333333581e-02
9.133333333333333581e-02
9.133333333333333581e-02
9.099999999999999756e-02
9.099999999999999756e-02
9.099999999999999756e-02
9.099999999999999756e-02
9.099999999999999756e-02
9.033333333333333492e-02
9.033333333333333492e-02
9.033333333333333492e-02
9.033333333333333492e-02
8.999999999999999667e-02
8.999999999999999667e-02
8.999999999999999667e-02
8.999999999999999667e-02
8.999999999999999667e-02
8.999999999999999667e-02
8.999999999999999667e-02
8.966666666666667229e-02
8.966666666666667229e-02
8.966666666666667229e-02
8.966666666666667229e-02
8.933333333333333404e-02
8.933333333333333404e-02
8.933333333333333404e-02
8.933333333333333404e-02
8.933333333333333404e-02
8.933333333333333404e-02
8.933333333333333404e-02
8.933333333333333404e-02
8.899999999999999578e-02
8.899999999999999578e-02
8.866666666666667140e-02
8.866666666666667140e-02
8.866666666666667140e-02
8.866666666666667140e-02
8.833333333333333315e-02
8.833333333333333315e-02
8.766666666666667052e-02
8.766666666666667052e-02
8.766666666666667052e-02
8.766666666666667052e-02
8.766666666666667052e-02
8.766666666666667052e-02
8.766666666666667052e-02
8.766666666666667052e-02
8.766666666666667052e-02
8.766666666666667052e-02
8.733333333333333226e-02
8.733333333333333226e-02
8.733333333333333226e-02
8.699999999999999400e-02
8.666666666666666963e-02
8.666666666666666963e-02
8.666666666666666963e-02
8.666666666666666963e-02
8.666666666666666963e-02
8.599999999999999312e-02
8.599999999999999312e-02
8.599999999999999312e-02
8.566666666666666874e-02
8.566666666666666874e-02
8.566666666666666874e-02
8.566666666666666874e-02
8.566666666666666874e-02
8.566666666666666874e-02
8.566666666666666874e-02
8.566666666666666874e-02
8.566666666666666874e-02
8.566666666666666874e-02
8.566666666666666874e-02
8.566666666666666874e-02
8.566666666666666874e-02
8.566666666666666874e-02
8.533333333333333048e-02
8.533333333333333048e-02
8.533333333333333048e-02
8.500000000000000611e-02
8.500000000000000611e-02
8.500000000000000611e-02
8.500000000000000611e-02
8.500000000000000611e-02
8.466666666666666785e-02
8.400000000000000522e-02
8.400000000000000522e-02
8.366666666666666696e-02
8.366666666666666696e-02
8.333333333333332871e-02
8.300000000000000433e-02
8.300000000000000433e-02
8.300000000000000433e-02
8.266666666666666607e-02
8.266666666666666607e-02
8.266666666666666607e-02
8.266666666666666607e-02
8.266666666666666607e-02
8.266666666666666607e-02
8.266666666666666607e-02
8.266666666666666607e-02
8.233333333333332782e-02
8.233333333333332782e-02
8.233333333333332782e-02
8.233333333333332782e-02
8.166666666666666519e-02
8.133333333333332693e-02
8.100000000000000255e-02
8.100000000000000255e-02
8.100000000000000255e-02
8.033333333333333992e-02
8.033333333333333992e-02
8.033333333333333992e-02
8.033333333333333992e-02
8.033333333333333992e-02
8.000000000000000167e-02
8.000000000000000167e-02
8.000000000000000167e-02
8.000000000000000167e-02
8.000000000000000167e-02
8.000000000000000167e-02
8.000000000000000167e-02
8.000000000000000167e-02
7.966666666666666341e-02
7.900000000000000078e-02
7.900000000000000078e-02
7.900000000000000078e-02
7.900000000000000078e-02
7.900000000000000078e-02
7.900000000000000078e-02
7.900000000000000078e-02
7.900000000000000078e-02
7.833333333333333814e-02
7.833333333333333814e-02
7.833333333333333814e-02
7.833333333333333814e-02
7.833333333333333814e-02
7.833333333333333814e-02
7.799999999999999989e-02
7.799999999999999989e-02
7.766666666666666163e-02
7.766666666666666163e-02
7.766666666666666163e-02
7.766666666666666163e-02
7.766666666666666163e-02
7.766666666666666163e-02
7.766666666666666163e-02
7.766666666666666163e-02
7.766666666666666163e-02
7.766666666666666163e-02
7.766666666666666163e-02
7.766666666666666163e-02
7.766666666666666163e-02
7.766666666666666163e-02
7.766666666666666163e-02
7.766666666666666163e-02
7.766666666666666163e-02
7.766666666666666163e-02
7.733333333333333726e-02
7.733333333333333726e-02
7.733333333333333726e-02
7.733333333333333726e-02
7.733333333333333726e-02
7.733333333333333726e-02
7.699999999999999900e-02
7.699999999999999900e-02
7.699999999999999900e-02
7.699999999999999900e-02
7.699999999999999900e-02
7.699999999999999900e-02
7.699999999999999900e-02
7.699999999999999900e-02
7.699999999999999900e-02
7.699999999999999900e-02
7.666666666666666075e-02
7.666666666666666075e-02
7.666666666666666075e-02
7.666666666666666075e-02
7.666666666666666075e-02
7.666666666666666075e-02
7.666666666666666075e-02
7.666666666666666075e-02
7.666666666666666075e-02
7.666666666666666075e-02
7.666666666666666075e-02
7.666666666666666075e-02
7.633333333333333637e-02
7.633333333333333637e-02
7.633333333333333637e-02
7.633333333333333637e-02
7.633333333333333637e-02
7.633333333333333637e-02
7.633333333333333637e-02
7.599999999999999811e-02
7.599999999999999811e-02
7.599999999999999811e-02
7.599999999999999811e-02
7.599999999999999811e-02
7.599999999999999811e-02
7.566666666666665986e-02
7.566666666666665986e-02
7.566666666666665986e-02
7.566666666666665986e-02
7.566666666666665986e-02
7.566666666666665986e-02
7.566666666666665986e-02
7.533333333333333548e-02
7.533333333333333548e-02
7.533333333333333548e-02
7.533333333333333548e-02
7.499999999999999722e-02
7.499999999999999722e-02
7.466666666666667285e-02
7.466666666666667285e-02
7.466666666666667285e-02
7.466666666666667285e-02
7.466666666666667285e-02
7.466666666666667285e-02
7.466666666666667285e-02
7.466666666666667285e-02
7.466666666666667285e-02
7.466666666666667285e-02
7.466666666666667285e-02
7.466666666666667285e-02
7.466666666666667285e-02
7.433333333333333459e-02
7.433333333333333459e-02
7.433333333333333459e-02
7.399999999999999634e-02
7.366666666666667196e-02
7.333333333333333370e-02
7.333333333333333370e-02
7.333333333333333370e-02
7.333333333333333370e-02
7.333333333333333370e-02
7.266666666666667107e-02
7.266666666666667107e-02
7.266666666666667107e-02
7.266666666666667107e-02
7.266666666666667107e-02
7.266666666666667107e-02
7.266666666666667107e-02
7.266666666666667107e-02
7.266666666666667107e-02
7.233333333333333282e-02
7.233333333333333282e-02
7.233333333333333282e-02
7.233333333333333282e-02
7.233333333333333282e-02
7.233333333333333282e-02
7.233333333333333282e-02
7.233333333333333282e-02
7.233333333333333282e-02
7.233333333333333282e-02
7.166666666666667018e-02
7.166666666666667018e-02
7.166666666666667018e-02
7.166666666666667018e-02
7.166666666666667018e-02
7.133333333333333193e-02
7.099999999999999367e-02
7.066666666666666929e-02
7.066666666666666929e-02
7.066666666666666929e-02
7.066666666666666929e-02
7.066666666666666929e-02
7.066666666666666929e-02
7.033333333333333104e-02
7.033333333333333104e-02
7.033333333333333104e-02
7.033333333333333104e-02
7.033333333333333104e-02
7.033333333333333104e-02
7.000000000000000666e-02
7.000000000000000666e-02
7.000000000000000666e-02
7.000000000000000666e-02
7.000000000000000666e-02
7.000000000000000666e-02
7.000000000000000666e-02
6.966666666666666841e-02
6.966666666666666841e-02
6.966666666666666841e-02
6.966666666666666841e-02
6.966666666666666841e-02
6.933333333333333015e-02
6.933333333333333015e-02
6.933333333333333015e-02
6.933333333333333015e-02
6.933333333333333015e-02
6.900000000000000577e-02
6.900000000000000577e-02
6.900000000000000577e-02
6.900000000000000577e-02
6.900000000000000577e-02
6.900000000000000577e-02
6.900000000000000577e-02
6.900000000000000577e-02
6.866666666666666752e-02
6.866666666666666752e-02
6.866666666666666752e-02
6.866666666666666752e-02
6.866666666666666752e-02
6.866666666666666752e-02
6.866666666666666752e-02
6.866666666666666752e-02
6.866666666666666752e-02
6.866666666666666752e-02
6.866666666666666752e-02
6.866666666666666752e-02
6.866666666666666752e-02
6.866666666666666752e-02
6.866666666666666752e-02
6.866666666666666752e-02
6.866666666666666752e-02
6.866666666666666752e-02
6.866666666666666752e-02
6.866666666666666752e-02
6.866666666666666752e-02
6.866666666666666752e-02
6.866666666666666752e-02
6.866666666666666752e-02
6.866666666666666752e-02
6.866666666666666752e-02
6.866666666666666752e-02
6.866666666666666752e-02
6.866666666666666752e-02
6.866666666666666752e-02
6.866666666666666752e-02
6.866666666666666752e-02
6.866666666666666752e-02
6.866666666666666752e-02
6.866666666666666752e-02
6.866666666666666752e-02
6.866666666666666752e-02
6.833333333333332926e-02
6.833333333333332926e-02
6.833333333333332926e-02
6.833333333333332926e-02
6.833333333333332926e-02
6.833333333333332926e-02
6.833333333333332926e-02
6.800000000000000488e-02
6.800000000000000488e-02
6.800000000000000488e-02
6.766666666666666663e-02
6.766666666666666663e-02
6.766666666666666663e-02
6.766666666666666663e-02
6.766666666666666663e-02
6.766666666666666663e-02
6.766666666666666663e-02
6.766666666666666663e-02
6.766666666666666663e-02
6.766666666666666663e-02
6.733333333333332837e-02
6.700000000000000400e-02
6.700000000000000400e-02
6.700000000000000400e-02
6.700000000000000400e-02
6.700000000000000400e-02
6.700000000000000400e-02
6.700000000000000400e-02
6.700000000000000400e-02
6.700000000000000400e-02
6.700000000000000400e-02
6.700000000000000400e-02
6.700000000000000400e-02
6.700000000000000400e-02
6.700000000000000400e-02
6.700000000000000400e-02
6.700000000000000400e-02
6.700000000000000400e-02
6.700000000000000400e-02
6.700000000000000400e-02
6.700000000000000400e-02
6.700000000000000400e-02
6.700000000000000400e-02
6.700000000000000400e-02
6.700000000000000400e-02
6.700000000000000400e-02
6.700000000000000400e-02
6.666666666666666574e-02
6.666666666666666574e-02
6.666666666666666574e-02
6.666666666666666574e-02
6.666666666666666574e-02
6.666666666666666574e-02
6.666666666666666574e-02
6.666666666666666574e-02
6.666666666666666574e-02
6.633333333333332749e-02
6.633333333333332749e-02
6.633333333333332749e-02
6.633333333333332749e-02
6.633333333333332749e-02
6.633333333333332749e-02
6.633333333333332749e-02
6.633333333333332749e-02
6.633333333333332749e-02
6.633333333333332749e-02
6.633333333333332749e-02
6.633333333333332749e-02
6.600000000000000311e-02
6.600000000000000311e-02
6.566666666666666485e-02
6.566666666666666485e-02
6.566666666666666485e-02
6.566666666666666485e-02
6.566666666666666485e-02
6.566666666666666485e-02
6.533333333333332660e-02
6.533333333333332660e-02
6.533333333333332660e-02
6.533333333333332660e-02
6.533333333333332660e-02
6.533333333333332660e-02
6.533333333333332660e-02
6.533333333333332660e-02
6.500000000000000222e-02
6.500000000000000222e-02
6.500000000000000222e-02
6.500000000000000222e-02
6.500000000000000222e-02
6.500000000000000222e-02
6.500000000000000222e-02
6.500000000000000222e-02
6.500000000000000222e-02
6.500000000000000222e-02
6.500000000000000222e-02
6.500000000000000222e-02
6.500000000000000222e-02
6.500000000000000222e-02
6.500000000000000222e-02
6.500000000000000222e-02
6.500000000000000222e-02
6.500000000000000222e-02
6.500000000000000222e-02
6.500000000000000222e-02
6.500000000000000222e-02
6.500000000000000222e-02
6.500000000000000222e-02
6.500000000000000222e-02
6.500000000000000222e-02
6.500000000000000222e-02
6.500000000000000222e-02
6.500000000000000222e-02
6.500000000000000222e-02
6.500000000000000222e-02
6.500000000000000222e-02
6.500000000000000222e-02
6.500000000000000222e-02
6.500000000000000222e-02
6.466666666666666397e-02
6.466666666666666397e-02
6.466666666666666397e-02
6.466666666666666397e-02
6.466666666666666397e-02
6.466666666666666397e-02
6.466666666666666397e-02
6.433333333333333959e-02
6.433333333333333959e-02
6.433333333333333959e-02
6.433333333333333959e-02
6.433333333333333959e-02
6.400000000000000133e-02
6.400000000000000133e-02
6.400000000000000133e-02
6.400000000000000133e-02
6.400000000000000133e-02
6.400000000000000133e-02
6.400000000000000133e-02
6.400000000000000133e-02
6.400000000000000133e-02
6.400000000000000133e-02
6.366666666666666308e-02
6.333333333333333870e-02
6.333333333333333870e-02
6.333333333333333870e-02
6.333333333333333870e-02
6.333333333333333870e-02
6.300000000000000044e-02
6.300000000000000044e-02
6.300000000000000044e-02
6.300000000000000044e-02
6.300000000000000044e-02
6.300000000000000044e-02
6.300000000000000044e-02
6.266666666666666219e-02
6.266666666666666219e-02
6.266666666666666219e-02
6.266666666666666219e-02
6.233333333333333087e-02
6.233333333333333087e-02
6.233333333333333087e-02
6.233333333333333087e-02
6.233333333333333087e-02
6.233333333333333087e-02
6.233333333333333087e-02
6.233333333333333087e-02
6.233333333333333087e-02
6.166666666666666824e-02
6.166666666666666824e-02
6.166666666666666824e-02
6.166666666666666824e-02
6.166666666666666824e-02
6.166666666666666824e-02
6.166666666666666824e-02
6.166666666666666824e-02
6.166666666666666824e-02
6.166666666666666824e-02
6.166666666666666824e-02
6.166666666666666824e-02
6.166666666666666824e-02
6.166666666666666824e-02
6.166666666666666824e-02
6.166666666666666824e-02
6.166666666666666824e-02
6.166666666666666824e-02
6.166666666666666824e-02
6.166666666666666824e-02
6.166666666666666824e-02
6.133333333333332998e-02
6.133333333333332998e-02
6.133333333333332998e-02
6.133333333333332998e-02
6.133333333333332998e-02
6.133333333333332998e-02
6.133333333333332998e-02
6.133333333333332998e-02
6.133333333333332998e-02
6.133333333333332998e-02
6.133333333333332998e-02
6.133333333333332998e-02
6.099999999999999867e-02
6.099999999999999867e-02
6.099999999999999867e-02
6.066666666666666735e-02
6.066666666666666735e-02
6.066666666666666735e-02
6.066666666666666735e-02
6.033333333333333603e-02
6.033333333333333603e-02
6.033333333333333603e-02
6.033333333333333603e-02
5.999999999999999778e-02
5.999999999999999778e-02
5.999999999999999778e-02
5.999999999999999778e-02
5.999999999999999778e-02
5.966666666666666646e-02
5.966666666666666646e-02
5.966666666666666646e-02
5.899999999999999689e-02
5.899999999999999689e-02
5.899999999999999689e-02
5.899999999999999689e-02
5.899999999999999689e-02
5.899999999999999689e-02
5.899999999999999689e-02
5.899999999999999689e-02
5.899999999999999689e-02
5.899999999999999689e-02
5.899999999999999689e-02
5.899999999999999689e-02
5.899999999999999689e-02
5.899999999999999689e-02
5.899999999999999689e-02
5.899999999999999689e-02
5.899999999999999689e-02
5.899999999999999689e-02
5.899999999999999689e-02
5.899999999999999689e-02
5.866666666666666557e-02
5.866666666666666557e-02
5.866666666666666557e-02
5.866666666666666557e-02
5.866666666666666557e-02
5.866666666666666557e-02
5.866666666666666557e-02
5.866666666666666557e-02
5.866666666666666557e-02
5.866666666666666557e-02
5.866666666666666557e-02
5.866666666666666557e-02
5.866666666666666557e-02
5.833333333333333426e-02
5.833333333333333426e-02
5.833333333333333426e-02
5.833333333333333426e-02
5.833333333333333426e-02
5.833333333333333426e-02
5.833333333333333426e-02
5.833333333333333426e-02
5.833333333333333426e-02
5.833333333333333426e-02
5.833333333333333426e-02
5.833333333333333426e-02
5.833333333333333426e-02
5.833333333333333426e-02
5.833333333333333426e-02
5.833333333333333426e-02
5.833333333333333426e-02
5.833333333333333426e-02
5.833333333333333426e-02
5.833333333333333426e-02
5.833333333333333426e-02
5.833333333333333426e-02
5.833333333333333426e-02
5.833333333333333426e-02
5.833333333333333426e-02
5.833333333333333426e-02
5.833333333333333426e-02
5.833333333333333426e-02
5.833333333333333426e-02
5.833333333333333426e-02
5.833333333333333426e-02
5.833333333333333426e-02
5.833333333333333426e-02
5.833333333333333426e-02
5.833333333333333426e-02
5.833333333333333426e-02
5.833333333333333426e-02
5.833333333333333426e-02
5.833333333333333426e-02
5.833333333333333426e-02
5.833333333333333426e-02
5.833333333333333426e-02
5.833333333333333426e-02
5.833333333333333426e-02
5.833333333333333426e-02
5.833333333333333426e-02
5.833333333333333426e-02
5.833333333333333426e-02
5.833333333333333426e-02
5.833333333333333426e-02
5.833333333333333426e-02
5.833333333333333426e-02
5.833333333333333426e-02
5.833333333333333426e-02
5.833333333333333426e-02
5.800000000000000294e-02
5.800000000000000294e-02
5.800000000000000294e-02
5.800000000000000294e-02
5.800000000000000294e-02
5.800000000000000294e-02
5.800000000000000294e-02
5.800000000000000294e-02
5.800000000000000294e-02
5.800000000000000294e-02
5.800000000000000294e-02
5.800000000000000294e-02
5.766666666666666469e-02
5.766666666666666469e-02
5.766666666666666469e-02
5.766666666666666469e-02
5.766666666666666469e-02
5.766666666666666469e-02
5.766666666666666469e-02
5.766666666666666469e-02
5.766666666666666469e-02
5.766666666666666469e-02
5.766666666666666469e-02
5.766666666666666469e-02
5.733333333333333337e-02
5.733333333333333337e-02
5.733333333333333337e-02
5.733333333333333337e-02
5.733333333333333337e-02
5.733333333333333337e-02
5.733333333333333337e-02
5.700000000000000205e-02
5.700000000000000205e-02
5.700000000000000205e-02
5.700000000000000205e-02
5.700000000000000205e-02
5.700000000000000205e-02
5.700000000000000205e-02
5.666666666666666380e-02
5.666666666666666380e-02
5.666666666666666380e-02
5.666666666666666380e-02
5.666666666666666380e-02
5.666666666666666380e-02
5.666666666666666380e-02
5.666666666666666380e-02
5.666666666666666380e-02
5.633333333333333248e-02
5.633333333333333248e-02
5.633333333333333248e-02
5.633333333333333248e-02
5.633333333333333248e-02
5.633333333333333248e-02
5.633333333333333248e-02
5.633333333333333248e-02
5.633333333333333248e-02
5.633333333333333248e-02
5.600000000000000117e-02
5.600000000000000117e-02
5.600000000000000117e-02
5.600000000000000117e-02
5.600000000000000117e-02
5.600000000000000117e-02
5.600000000000000117e-02
5.600000000000000117e-02
5.600000000000000117e-02
5.600000000000000117e-02
5.600000000000000117e-02
5.600000000000000117e-02
5.600000000000000117e-02
5.600000000000000117e-02
5.600000000000000117e-02
5.600000000000000117e-02
5.566666666666666985e-02
5.533333333333333159e-02
5.533333333333333159e-02
5.500000000000000028e-02
5.500000000000000028e-02
5.500000000000000028e-02
5.500000000000000028e-02
5.500000000000000028e-02
5.500000000000000028e-02
5.500000000000000028e-02
5.500000000000000028e-02
5.500000000000000028e-02
5.500000000000000028e-02
5.500000000000000028e-02
5.500000000000000028e-02
5.500000000000000028e-02
5.500000000000000028e-02
5.500000000000000028e-02
5.500000000000000028e-02
5.500000000000000028e-02
5.500000000000000028e-02
5.500000000000000028e-02
5.500000000000000028e-02
5.500000000000000028e-02
5.500000000000000028e-02
5.500000000000000028e-02
5.500000000000000028e-02
5.500000000000000028e-02
5.500000000000000028e-02
5.500000000000000028e-02
5.500000000000000028e-02
5.500000000000000028e-02
5.500000000000000028e-02
5.500000000000000028e-02
5.500000000000000028e-02
5.500000000000000028e-02
5.500000000000000028e-02
5.500000000000000028e-02
5.500000000000000028e-02
5.500000000000000028e-02
5.500000000000000028e-02
5.500000000000000028e-02
5.500000000000000028e-02
5.500000000000000028e-02
5.500000000000000028e-02
5.500000000000000028e-02
5.500000000000000028e-02
5.500000000000000028e-02
5.500000000000000028e-02
5.500000000000000028e-02
5.500000000000000028e-02
5.500000000000000028e-02
5.466666666666666896e-02
5.466666666666666896e-02
5.466666666666666896e-02
5.466666666666666896e-02
5.466666666666666896e-02
5.466666666666666896e-02
5.466666666666666896e-02
5.433333333333333071e-02
5.433333333333333071e-02
5.433333333333333071e-02
5.399999999999999939e-02
5.399999999999999939e-02
5.399999999999999939e-02
5.399999999999999939e-02
5.399999999999999939e-02
5.399999999999999939e-02
5.399999999999999939e-02
5.366666666666666807e-02
5.366666666666666807e-02
5.366666666666666807e-02
5.366666666666666807e-02
5.333333333333333676e-02
5.333333333333333676e-02
5.333333333333333676e-02
5.333333333333333676e-02
5.333333333333333676e-02
5.333333333333333676e-02
5.333333333333333676e-02
5.333333333333333676e-02
5.333333333333333676e-02
5.333333333333333676e-02
5.333333333333333676e-02
5.333333333333333676e-02
5.333333333333333676e-02
5.333333333333333676e-02
5.333333333333333676e-02
5.333333333333333676e-02
5.333333333333333676e-02
5.333333333333333676e-02
5.333333333333333676e-02
5.333333333333333676e-02
5.333333333333333676e-02
5.333333333333333676e-02
5.333333333333333676e-02
5.299999999999999850e-02
5.266666666666666718e-02
5.266666666666666718e-02
5.266666666666666718e-02
5.266666666666666718e-02
5.266666666666666718e-02
5.266666666666666718e-02
5.266666666666666718e-02
5.266666666666666718e-02
5.266666666666666718e-02
5.266666666666666718e-02
5.266666666666666718e-02
5.266666666666666718e-02
5.233333333333333587e-02
5.233333333333333587e-02
5.233333333333333587e-02
5.233333333333333587e-02
5.233333333333333587e-02
5.233333333333333587e-02
5.233333333333333587e-02
5.233333333333333587e-02
5.233333333333333587e-02
5.233333333333333587e-02
5.233333333333333587e-02
5.233333333333333587e-02
5.233333333333333587e-02
5.233333333333333587e-02
5.233333333333333587e-02
5.233333333333333587e-02
5.233333333333333587e-02
5.233333333333333587e-02
5.233333333333333587e-02
5.233333333333333587e-02
5.199999999999999761e-02
5.199999999999999761e-02
5.199999999999999761e-02
5.199999999999999761e-02
5.199999999999999761e-02
5.199999999999999761e-02
5.199999999999999761e-02
5.199999999999999761e-02
5.199999999999999761e-02
5.199999999999999761e-02
5.199999999999999761e-02
5.199999999999999761e-02
5.199999999999999761e-02
5.199999999999999761e-02
5.199999999999999761e-02
5.199999999999999761e-02
5.199999999999999761e-02
5.199999999999999761e-02
5.199999999999999761e-02
5.199999999999999761e-02
5.199999999999999761e-02
5.199999999999999761e-02
5.199999999999999761e-02
5.199999999999999761e-02
5.199999999999999761e-02
5.199999999999999761e-02
5.199999999999999761e-02
5.199999999999999761e-02
5.199999999999999761e-02
5.199999999999999761e-02
5.166666666666666630e-02
5.166666666666666630e-02
5.166666666666666630e-02
5.166666666666666630e-02
5.166666666666666630e-02
5.166666666666666630e-02
5.166666666666666630e-02
5.166666666666666630e-02
5.166666666666666630e-02
5.166666666666666630e-02
5.166666666666666630e-02
5.166666666666666630e-02
5.166666666666666630e-02
5.166666666666666630e-02
5.166666666666666630e-02
5.166666666666666630e-02
5.166666666666666630e-02
5.166666666666666630e-02
5.133333333333333498e-02
5.133333333333333498e-02
5.133333333333333498e-02
5.133333333333333498e-02
5.133333333333333498e-02
5.133333333333333498e-02
5.133333333333333498e-02
5.133333333333333498e-02
5.133333333333333498e-02
5.133333333333333498e-02
5.133333333333333498e-02
5.133333333333333498e-02
5.133333333333333498e-02
5.133333333333333498e-02
5.133333333333333498e-02
5.133333333333333498e-02
5.133333333333333498e-02
5.133333333333333498e-02
5.133333333333333498e-02
5.133333333333333498e-02
5.133333333333333498e-02
5.133333333333333498e-02
5.133333333333333498e-02
5.133333333333333498e-02
5.133333333333333498e-02
5.133333333333333498e-02
5.133333333333333498e-02
5.133333333333333498e-02
5.133333333333333498e-02
5.133333333333333498e-02
5.133333333333333498e-02
5.133333333333333498e-02
5.133333333333333498e-02
5.133333333333333498e-02
5.133333333333333498e-02
5.133333333333333498e-02
5.133333333333333498e-02
5.133333333333333498e-02
5.133333333333333498e-02
5.133333333333333498e-02
5.133333333333333498e-02
5.133333333333333498e-02
5.133333333333333498e-02
5.133333333333333498e-02
5.133333333333333498e-02
5.133333333333333498e-02
5.133333333333333498e-02
5.133333333333333498e-02
5.133333333333333498e-02
5.133333333333333498e-02
5.133333333333333498e-02
5.099999999999999672e-02
5.099999999999999672e-02
5.066666666666666541e-02
5.066666666666666541e-02
5.066666666666666541e-02
5.066666666666666541e-02
5.066666666666666541e-02
5.066666666666666541e-02
5.066666666666666541e-02
5.066666666666666541e-02
5.066666666666666541e-02
5.066666666666666541e-02
5.066666666666666541e-02
5.066666666666666541e-02
5.066666666666666541e-02
5.066666666666666541e-02
5.066666666666666541e-02
5.066666666666666541e-02
5.066666666666666541e-02
5.066666666666666541e-02
5.066666666666666541e-02
5.066666666666666541e-02
5.066666666666666541e-02
5.066666666666666541e-02
5.066666666666666541e-02
5.066666666666666541e-02
5.066666666666666541e-02
5.066666666666666541e-02
5.033333333333333409e-02
5.033333333333333409e-02
5.033333333333333409e-02
5.033333333333333409e-02
5.033333333333333409e-02
5.033333333333333409e-02
5.033333333333333409e-02
5.033333333333333409e-02
5.033333333333333409e-02
5.033333333333333409e-02
5.033333333333333409e-02
5.033333333333333409e-02
5.033333333333333409e-02
5.033333333333333409e-02
5.033333333333333409e-02
5.033333333333333409e-02
5.000000000000000278e-02
5.000000000000000278e-02
5.000000000000000278e-02
5.000000000000000278e-02
5.000000000000000278e-02
5.000000000000000278e-02
5.000000000000000278e-02
5.000000000000000278e-02
5.000000000000000278e-02
5.000000000000000278e-02
5.000000000000000278e-02
5.000000000000000278e-02
5.000000000000000278e-02
5.000000000000000278e-02
5.000000000000000278e-02
5.000000000000000278e-02
5.000000000000000278e-02
5.000000000000000278e-02
5.000000000000000278e-02
5.000000000000000278e-02
5.000000000000000278e-02
5.000000000000000278e-02
4.966666666666666452e-02
4.966666666666666452e-02
4.966666666666666452e-02
4.966666666666666452e-02
4.966666666666666452e-02
4.966666666666666452e-02
4.966666666666666452e-02
4.966666666666666452e-02
4.966666666666666452e-02
4.966666666666666452e-02
4.966666666666666452e-02
4.966666666666666452e-02
4.966666666666666452e-02
4.966666666666666452e-02
4.966666666666666452e-02
4.966666666666666452e-02
4.966666666666666452e-02
4.966666666666666452e-02
4.966666666666666452e-02
4.966666666666666452e-02
4.966666666666666452e-02
4.966666666666666452e-02
4.966666666666666452e-02
4.966666666666666452e-02
4.966666666666666452e-02
4.966666666666666452e-02
4.966666666666666452e-02
4.966666666666666452e-02
4.966666666666666452e-02
4.966666666666666452e-02
4.966666666666666452e-02
4.966666666666666452e-02
4.966666666666666452e-02
4.966666666666666452e-02
4.966666666666666452e-02
4.966666666666666452e-02
4.966666666666666452e-02
4.966666666666666452e-02
4.966666666666666452e-02
4.966666666666666452e-02
4.966666666666666452e-02
4.966666666666666452e-02
4.966666666666666452e-02
4.933333333333333320e-02
4.933333333333333320e-02
4.933333333333333320e-02
4.933333333333333320e-02
4.933333333333333320e-02
4.933333333333333320e-02
4.933333333333333320e-02
4.933333333333333320e-02
4.933333333333333320e-02
4.933333333333333320e-02
4.933333333333333320e-02
4.933333333333333320e-02
4.933333333333333320e-02
4.933333333333333320e-02
4.933333333333333320e-02
4.933333333333333320e-02
4.933333333333333320e-02
4.933333333333333320e-02
4.933333333333333320e-02
4.933333333333333320e-02
4.933333333333333320e-02
4.900000000000000189e-02
4.900000000000000189e-02
4.900000000000000189e-02
4.900000000000000189e-02
4.900000000000000189e-02
4.900000000000000189e-02
4.900000000000000189e-02
4.900000000000000189e-02
4.900000000000000189e-02
4.900000000000000189e-02
4.900000000000000189e-02
4.900000000000000189e-02
4.900000000000000189e-02
4.900000000000000189e-02
4.900000000000000189e-02
4.900000000000000189e-02
4.900000000000000189e-02
4.900000000000000189e-02
4.900000000000000189e-02
4.900000000000000189e-02
4.900000000000000189e-02
4.900000000000000189e-02
4.900000000000000189e-02
4.900000000000000189e-02
4.900000000000000189e-02
4.900000000000000189e-02
4.900000000000000189e-02
4.900000000000000189e-02
4.900000000000000189e-02
4.900000000000000189e-02
4.900000000000000189e-02
4.900000000000000189e-02
4.866666666666666363e-02
4.866666666666666363e-02
4.866666666666666363e-02
4.866666666666666363e-02
4.866666666666666363e-02
4.866666666666666363e-02
4.866666666666666363e-02
4.866666666666666363e-02
4.866666666666666363e-02
4.866666666666666363e-02
4.866666666666666363e-02
4.866666666666666363e-02
4.866666666666666363e-02
4.866666666666666363e-02
4.866666666666666363e-02
4.866666666666666363e-02
4.866666666666666363e-02
4.833333333333333232e-02
4.833333333333333232e-02
4.833333333333333232e-02
4.833333333333333232e-02
4.833333333333333232e-02
4.833333333333333232e-02
4.833333333333333232e-02
4.833333333333333232e-02
4.833333333333333232e-02
4.833333333333333232e-02
4.833333333333333232e-02
4.800000000000000100e-02
4.800000000000000100e-02
4.800000000000000100e-02
4.800000000000000100e-02
4.800000000000000100e-02
4.800000000000000100e-02
4.800000000000000100e-02
4.800000000000000100e-02
4.800000000000000100e-02
4.800000000000000100e-02
4.800000000000000100e-02
4.800000000000000100e-02
4.800000000000000100e-02
4.800000000000000100e-02
4.800000000000000100e-02
4.800000000000000100e-02
4.800000000000000100e-02
4.800000000000000100e-02
4.800000000000000100e-02
4.800000000000000100e-02
4.800000000000000100e-02
4.800000000000000100e-02
4.800000000000000100e-02
4.800000000000000100e-02
4.800000000000000100e-02
4.800000000000000100e-02
4.800000000000000100e-02
4.800000000000000100e-02
4.800000000000000100e-02
4.800000000000000100e-02
4.766666666666666968e-02
4.766666666666666968e-02
4.766666666666666968e-02
4.733333333333333143e-02
4.733333333333333143e-02
4.733333333333333143e-02
4.733333333333333143e-02
4.733333333333333143e-02
4.733333333333333143e-02
4.700000000000000011e-02
4.700000000000000011e-02
4.700000000000000011e-02
4.700000000000000011e-02
4.700000000000000011e-02
4.700000000000000011e-02
4.700000000000000011e-02
4.700000000000000011e-02
4.700000000000000011e-02
4.700000000000000011e-02
4.700000000000000011e-02
4.700000000000000011e-02
4.700000000000000011e-02
4.700000000000000011e-02
4.700000000000000011e-02
4.700000000000000011e-02
4.700000000000000011e-02
4.700000000000000011e-02
4.700000000000000011e-02
4.700000000000000011e-02
4.700000000000000011e-02
4.700000000000000011e-02
4.700000000000000011e-02
4.700000000000000011e-02
4.700000000000000011e-02
4.700000000000000011e-02
4.700000000000000011e-02
4.700000000000000011e-02
4.700000000000000011e-02
4.700000000000000011e-02
4.700000000000000011e-02
4.700000000000000011e-02
4.700000000000000011e-02
4.700000000000000011e-02
4.700000000000000011e-02
4.700000000000000011e-02
4.700000000000000011e-02
4.700000000000000011e-02
4.700000000000000011e-02
4.700000000000000011e-02
4.700000000000000011e-02
4.700000000000000011e-02
4.700000000000000011e-02
4.700000000000000011e-02
4.700000000000000011e-02
4.666666666666666879e-02
4.666666666666666879e-02
4.666666666666666879e-02
4.666666666666666879e-02
4.666666666666666879e-02
4.633333333333333054e-02
4.633333333333333054e-02
4.633333333333333054e-02
4.633333333333333054e-02
4.633333333333333054e-02
4.633333333333333054e-02
4.633333333333333054e-02
4.633333333333333054e-02
4.633333333333333054e-02
4.633333333333333054e-02
4.633333333333333054e-02
4.633333333333333054e-02
4.633333333333333054e-02
4.633333333333333054e-02
4.633333333333333054e-02
4.633333333333333054e-02
4.633333333333333054e-02
4.633333333333333054e-02
4.633333333333333054e-02
4.633333333333333054e-02
4.633333333333333054e-02
4.633333333333333054e-02
4.633333333333333054e-02
4.633333333333333054e-02
4.633333333333333054e-02
4.633333333333333054e-02
4.633333333333333054e-02
4.633333333333333054e-02
4.633333333333333054e-02
4.633333333333333054e-02
4.633333333333333054e-02
4.633333333333333054e-02
4.633333333333333054e-02
4.633333333333333054e-02
4.633333333333333054e-02
4.633333333333333054e-02
4.633333333333333054e-02
4.633333333333333054e-02
4.633333333333333054e-02
4.633333333333333054e-02
4.633333333333333054e-02
4.633333333333333054e-02
4.633333333333333054e-02
4.633333333333333054e-02
4.633333333333333054e-02
4.633333333333333054e-02
4.633333333333333054e-02
4.633333333333333054e-02
4.633333333333333054e-02
4.633333333333333054e-02
4.633333333333333054e-02
4.633333333333333054e-02
4.633333333333333054e-02
4.633333333333333054e-02
4.633333333333333054e-02
4.599999999999999922e-02
4.599999999999999922e-02
4.599999999999999922e-02
4.599999999999999922e-02
4.599999999999999922e-02
4.599999999999999922e-02
4.599999999999999922e-02
4.599999999999999922e-02
4.599999999999999922e-02
4.599999999999999922e-02
4.599999999999999922e-02
4.599999999999999922e-02
4.599999999999999922e-02
4.599999999999999922e-02
4.599999999999999922e-02
4.599999999999999922e-02
4.599999999999999922e-02
4.599999999999999922e-02
4.599999999999999922e-02
4.599999999999999922e-02
4.599999999999999922e-02
4.599999999999999922e-02
4.599999999999999922e-02
4.599999999999999922e-02
4.599999999999999922e-02
4.599999999999999922e-02
4.599999999999999922e-02
4.599999999999999922e-02
4.599999999999999922e-02
4.599999999999999922e-02
4.599999999999999922e-02
4.599999999999999922e-02
4.599999999999999922e-02
4.599999999999999922e-02
4.599999999999999922e-02
4.599999999999999922e-02
4.599999999999999922e-02
4.599999999999999922e-02
4.599999999999999922e-02
4.599999999999999922e-02
4.599999999999999922e-02
4.599999999999999922e-02
4.599999999999999922e-02
4.599999999999999922e-02
4.599999999999999922e-02
4.599999999999999922e-02
4.599999999999999922e-02
4.599999999999999922e-02
4.599999999999999922e-02
4.599999999999999922e-02
4.599999999999999922e-02
4.599999999999999922e-02
4.599999999999999922e-02
4.599999999999999922e-02
4.599999999999999922e-02
4.599999999999999922e-02
4.599999999999999922e-02
4.599999999999999922e-02
4.599999999999999922e-02
4.599999999999999922e-02
4.599999999999999922e-02
4.599999999999999922e-02
4.599999999999999922e-02
4.599999999999999922e-02
4.599999999999999922e-02
4.599999999999999922e-02
4.599999999999999922e-02
4.599999999999999922e-02
4.599999999999999922e-02
4.599999999999999922e-02
4.566666666666666791e-02
4.566666666666666791e-02
4.566666666666666791e-02
4.566666666666666791e-02
4.566666666666666791e-02
4.566666666666666791e-02
4.566666666666666791e-02
4.566666666666666791e-02
4.566666666666666791e-02
4.566666666666666791e-02
4.566666666666666791e-02
4.566666666666666791e-02
4.566666666666666791e-02
4.566666666666666791e-02
4.566666666666666791e-02
4.566666666666666791e-02
4.566666666666666791e-02
4.566666666666666791e-02
4.566666666666666791e-02
4.566666666666666791e-02
4.566666666666666791e-02
4.566666666666666791e-02
4.566666666666666791e-02
4.566666666666666791e-02
4.566666666666666791e-02
4.566666666666666791e-02
4.566666666666666791e-02
4.566666666666666791e-02
4.566666666666666791e-02
4.566666666666666791e-02
4.566666666666666791e-02
4.566666666666666791e-02
4.566666666666666791e-02
4.566666666666666791e-02
4.566666666666666791e-02
4.566666666666666791e-02
4.566666666666666791e-02
4.566666666666666791e-02
4.566666666666666791e-02
4.566666666666666791e-02
4.566666666666666791e-02
4.566666666666666791e-02
4.566666666666666791e-02
4.566666666666666791e-02
4.566666666666666791e-02
4.566666666666666791e-02
4.566666666666666791e-02
4.566666666666666791e-02
4.566666666666666791e-02
4.566666666666666791e-02
4.566666666666666791e-02
4.566666666666666791e-02
4.566666666666666791e-02
4.566666666666666791e-02
4.566666666666666791e-02
4.566666666666666791e-02
4.566666666666666791e-02
4.566666666666666791e-02
4.566666666666666791e-02
4.566666666666666791e-02
4.566666666666666791e-02
4.566666666666666791e-02
4.566666666666666791e-02
4.566666666666666791e-02
4.566666666666666791e-02
4.566666666666666791e-02
4.566666666666666791e-02
4.566666666666666791e-02
4.566666666666666791e-02
4.566666666666666791e-02
4.566666666666666791e-02
4.566666666666666791e-02
4.566666666666666791e-02
4.566666666666666791e-02
4.566666666666666791e-02
4.566666666666666791e-02
4.533333333333333659e-02
4.533333333333333659e-02
4.533333333333333659e-02
4.533333333333333659e-02
4.533333333333333659e-02
4.533333333333333659e-02
4.533333333333333659e-02
4.533333333333333659e-02
4.533333333333333659e-02
4.533333333333333659e-02
4.533333333333333659e-02
4.533333333333333659e-02
4.533333333333333659e-02
4.533333333333333659e-02
4.533333333333333659e-02
4.533333333333333659e-02
4.533333333333333659e-02
4.533333333333333659e-02
4.533333333333333659e-02
4.533333333333333659e-02
4.533333333333333659e-02
4.533333333333333659e-02
4.533333333333333659e-02
4.533333333333333659e-02
4.533333333333333659e-02
4.533333333333333659e-02
4.533333333333333659e-02
4.533333333333333659e-02
4.533333333333333659e-02
4.533333333333333659e-02
4.533333333333333659e-02
4.533333333333333659e-02
4.533333333333333659e-02
4.533333333333333659e-02
4.533333333333333659e-02
4.533333333333333659e-02
4.533333333333333659e-02
4.533333333333333659e-02
4.533333333333333659e-02
4.533333333333333659e-02
4.533333333333333659e-02
4.533333333333333659e-02
4.533333333333333659e-02
4.533333333333333659e-02
4.533333333333333659e-02
4.533333333333333659e-02
4.533333333333333659e-02
4.533333333333333659e-02
4.533333333333333659e-02
4.533333333333333659e-02
4.533333333333333659e-02
4.533333333333333659e-02
4.533333333333333659e-02
4.533333333333333659e-02
4.533333333333333659e-02
4.533333333333333659e-02
4.533333333333333659e-02
4.533333333333333659e-02
4.533333333333333659e-02
4.533333333333333659e-02
4.533333333333333659e-02
4.533333333333333659e-02
4.533333333333333659e-02
4.533333333333333659e-02
4.533333333333333659e-02
4.533333333333333659e-02
4.533333333333333659e-02
4.533333333333333659e-02
4.533333333333333659e-02
4.533333333333333659e-02
4.533333333333333659e-02
4.533333333333333659e-02
4.533333333333333659e-02
4.533333333333333659e-02
4.533333333333333659e-02
4.533333333333333659e-02
4.533333333333333659e-02
4.499999999999999833e-02
4.499999999999999833e-02
4.499999999999999833e-02
4.499999999999999833e-02
4.499999999999999833e-02
4.499999999999999833e-02
4.499999999999999833e-02
4.499999999999999833e-02
4.499999999999999833e-02
4.466666666666666702e-02
4.466666666666666702e-02
4.466666666666666702e-02
4.466666666666666702e-02
4.466666666666666702e-02
4.466666666666666702e-02
4.466666666666666702e-02
4.466666666666666702e-02
4.466666666666666702e-02
4.466666666666666702e-02
4.466666666666666702e-02
4.466666666666666702e-02
4.466666666666666702e-02
4.466666666666666702e-02
4.433333333333333570e-02
4.433333333333333570e-02
4.433333333333333570e-02
4.433333333333333570e-02
4.433333333333333570e-02
4.433333333333333570e-02
4.433333333333333570e-02
4.433333333333333570e-02
4.433333333333333570e-02
4.433333333333333570e-02
4.433333333333333570e-02
4.433333333333333570e-02
4.433333333333333570e-02
4.433333333333333570e-02
4.433333333333333570e-02
4.433333333333333570e-02
4.433333333333333570e-02
4.433333333333333570e-02
4.433333333333333570e-02
4.433333333333333570e-02
4.433333333333333570e-02
4.433333333333333570e-02
4.433333333333333570e-02
4.433333333333333570e-02
4.433333333333333570e-02
4.433333333333333570e-02
4.433333333333333570e-02
4.433333333333333570e-02
4.433333333333333570e-02
4.433333333333333570e-02
4.433333333333333570e-02
4.433333333333333570e-02
4.433333333333333570e-02
4.433333333333333570e-02
4.433333333333333570e-02
4.433333333333333570e-02
4.433333333333333570e-02
4.433333333333333570e-02
4.433333333333333570e-02
4.433333333333333570e-02
4.433333333333333570e-02
4.433333333333333570e-02
4.433333333333333570e-02
4.433333333333333570e-02
4.433333333333333570e-02
4.433333333333333570e-02
4.433333333333333570e-02
4.433333333333333570e-02
4.433333333333333570e-02
4.433333333333333570e-02
4.433333333333333570e-02
4.433333333333333570e-02
4.433333333333333570e-02
4.433333333333333570e-02
4.433333333333333570e-02
4.433333333333333570e-02
4.433333333333333570e-02
4.433333333333333570e-02
4.433333333333333570e-02
4.433333333333333570e-02
4.433333333333333570e-02
4.433333333333333570e-02
4.433333333333333570e-02
4.433333333333333570e-02
4.433333333333333570e-02
4.433333333333333570e-02
4.433333333333333570e-02
