6.706666666666666332e-01
6.706666666666666332e-01
6.706666666666666332e-01
6.706666666666666332e-01
6.706666666666666332e-01
6.706666666666666332e-01
6.706666666666666332e-01
6.706666666666666332e-01
6.706666666666666332e-01
6.706666666666666332e-01
6.706666666666666332e-01
6.703333333333333366e-01
6.690000000000000391e-01
6.676666666666666305e-01
6.646666666666666279e-01
6.630000000000000338e-01
6.613333333333333286e-01
6.596666666666666234e-01
6.583333333333333259e-01
6.563333333333333242e-01
6.543333333333333224e-01
6.533333333333333215e-01
6.520000000000000240e-01
6.506666666666666154e-01
6.483333333333333171e-01
6.476666666666666128e-01
6.456666666666667220e-01
6.453333333333333144e-01
6.446666666666667211e-01
6.443333333333333135e-01
6.440000000000000169e-01
6.436666666666667203e-01
6.433333333333333126e-01
6.433333333333333126e-01
6.430000000000000160e-01
6.426666666666667194e-01
6.420000000000000151e-01
6.413333333333333108e-01
6.410000000000000142e-01
6.406666666666667176e-01
6.400000000000000133e-01
6.400000000000000133e-01
6.400000000000000133e-01
6.400000000000000133e-01
6.396666666666667167e-01
6.396666666666667167e-01
6.393333333333333091e-01
6.390000000000000124e-01
6.390000000000000124e-01
6.390000000000000124e-01
6.390000000000000124e-01
6.390000000000000124e-01
6.386666666666667158e-01
6.386666666666667158e-01
6.386666666666667158e-01
6.386666666666667158e-01
6.386666666666667158e-01
6.386666666666667158e-01
6.383333333333333082e-01
6.380000000000000115e-01
6.380000000000000115e-01
6.380000000000000115e-01
6.380000000000000115e-01
6.380000000000000115e-01
6.380000000000000115e-01
6.380000000000000115e-01
6.380000000000000115e-01
6.380000000000000115e-01
6.380000000000000115e-01
6.380000000000000115e-01
6.380000000000000115e-01
6.380000000000000115e-01
6.380000000000000115e-01
6.380000000000000115e-01
6.380000000000000115e-01
6.380000000000000115e-01
6.380000000000000115e-01
6.380000000000000115e-01
6.380000000000000115e-01
6.380000000000000115e-01
6.380000000000000115e-01
6.380000000000000115e-01
6.376666666666667149e-01
6.376666666666667149e-01
6.376666666666667149e-01
6.376666666666667149e-01
6.376666666666667149e-01
6.376666666666667149e-01
6.376666666666667149e-01
6.376666666666667149e-01
6.373333333333333073e-01
6.373333333333333073e-01
6.373333333333333073e-01
6.373333333333333073e-01
6.373333333333333073e-01
6.373333333333333073e-01
6.373333333333333073e-01
6.373333333333333073e-01
6.373333333333333073e-01
6.373333333333333073e-01
6.373333333333333073e-01
6.373333333333333073e-01
6.373333333333333073e-01
6.373333333333333073e-01
6.373333333333333073e-01
6.373333333333333073e-01
6.373333333333333073e-01
6.373333333333333073e-01
6.373333333333333073e-01
6.373333333333333073e-01
6.373333333333333073e-01
6.373333333333333073e-01
6.370000000000000107e-01
6.370000000000000107e-01
6.370000000000000107e-01
6.370000000000000107e-01
6.370000000000000107e-01
6.370000000000000107e-01
6.370000000000000107e-01
6.370000000000000107e-01
6.370000000000000107e-01
6.370000000000000107e-01
6.370000000000000107e-01
6.370000000000000107e-01
6.370000000000000107e-01
6.370000000000000107e-01
6.370000000000000107e-01
6.370000000000000107e-01
6.370000000000000107e-01
6.370000000000000107e-01
6.370000000000000107e-01
6.370000000000000107e-01
6.370000000000000107e-01
6.370000000000000107e-01
6.370000000000000107e-01
6.370000000000000107e-01
6.370000000000000107e-01
6.370000000000000107e-01
6.370000000000000107e-01
6.370000000000000107e-01
6.370000000000000107e-01
6.370000000000000107e-01
6.370000000000000107e-01
6.370000000000000107e-01
6.370000000000000107e-01
6.370000000000000107e-01
6.370000000000000107e-01
6.370000000000000107e-01
6.370000000000000107e-01
6.370000000000000107e-01
6.370000000000000107e-01
6.370000000000000107e-01
6.370000000000000107e-01
6.370000000000000107e-01
6.370000000000000107e-01
6.370000000000000107e-01
6.370000000000000107e-01
6.370000000000000107e-01
6.370000000000000107e-01
6.370000000000000107e-01
6.370000000000000107e-01
6.370000000000000107e-01
6.370000000000000107e-01
6.370000000000000107e-01
6.370000000000000107e-01
6.370000000000000107e-01
6.370000000000000107e-01
6.370000000000000107e-01
6.370000000000000107e-01
6.370000000000000107e-01
6.370000000000000107e-01
6.370000000000000107e-01
6.370000000000000107e-01
6.370000000000000107e-01
6.370000000000000107e-01
6.370000000000000107e-01
6.370000000000000107e-01
6.370000000000000107e-01
6.370000000000000107e-01
6.370000000000000107e-01
6.370000000000000107e-01
6.370000000000000107e-01
6.370000000000000107e-01
6.370000000000000107e-01
6.370000000000000107e-01
6.370000000000000107e-01
6.370000000000000107e-01
6.370000000000000107e-01
6.370000000000000107e-01
6.370000000000000107e-01
6.366666666666667140e-01
6.366666666666667140e-01
6.366666666666667140e-01
6.366666666666667140e-01
6.363333333333333064e-01
6.363333333333333064e-01
6.363333333333333064e-01
6.363333333333333064e-01
6.363333333333333064e-01
6.363333333333333064e-01
6.360000000000000098e-01
6.360000000000000098e-01
6.360000000000000098e-01
6.360000000000000098e-01
6.360000000000000098e-01
6.360000000000000098e-01
6.360000000000000098e-01
6.360000000000000098e-01
6.356666666666667131e-01
6.356666666666667131e-01
6.356666666666667131e-01
6.356666666666667131e-01
6.356666666666667131e-01
6.356666666666667131e-01
6.356666666666667131e-01
6.356666666666667131e-01
6.356666666666667131e-01
6.356666666666667131e-01
6.356666666666667131e-01
6.356666666666667131e-01
6.356666666666667131e-01
6.356666666666667131e-01
6.356666666666667131e-01
6.356666666666667131e-01
6.356666666666667131e-01
6.356666666666667131e-01
6.356666666666667131e-01
6.356666666666667131e-01
6.356666666666667131e-01
6.356666666666667131e-01
6.356666666666667131e-01
6.356666666666667131e-01
6.356666666666667131e-01
6.356666666666667131e-01
6.356666666666667131e-01
6.356666666666667131e-01
6.356666666666667131e-01
6.356666666666667131e-01
6.356666666666667131e-01
6.356666666666667131e-01
6.356666666666667131e-01
6.356666666666667131e-01
6.356666666666667131e-01
6.356666666666667131e-01
6.356666666666667131e-01
6.356666666666667131e-01
6.356666666666667131e-01
6.356666666666667131e-01
6.356666666666667131e-01
6.356666666666667131e-01
6.356666666666667131e-01
6.356666666666667131e-01
6.356666666666667131e-01
6.356666666666667131e-01
6.356666666666667131e-01
6.356666666666667131e-01
6.356666666666667131e-01
6.356666666666667131e-01
6.356666666666667131e-01
6.356666666666667131e-01
6.356666666666667131e-01
6.356666666666667131e-01
6.356666666666667131e-01
6.356666666666667131e-01
6.356666666666667131e-01
6.356666666666667131e-01
6.356666666666667131e-01
6.356666666666667131e-01
6.356666666666667131e-01
6.356666666666667131e-01
6.356666666666667131e-01
6.356666666666667131e-01
6.356666666666667131e-01
6.356666666666667131e-01
6.356666666666667131e-01
6.356666666666667131e-01
6.356666666666667131e-01
6.356666666666667131e-01
6.356666666666667131e-01
6.356666666666667131e-01
6.356666666666667131e-01
6.356666666666667131e-01
6.356666666666667131e-01
6.353333333333333055e-01
6.353333333333333055e-01
6.353333333333333055e-01
6.353333333333333055e-01
6.353333333333333055e-01
6.353333333333333055e-01
6.353333333333333055e-01
6.353333333333333055e-01
6.353333333333333055e-01
6.353333333333333055e-01
6.353333333333333055e-01
6.353333333333333055e-01
6.353333333333333055e-01
6.353333333333333055e-01
6.353333333333333055e-01
6.353333333333333055e-01
6.353333333333333055e-01
6.353333333333333055e-01
6.353333333333333055e-01
6.353333333333333055e-01
6.353333333333333055e-01
6.353333333333333055e-01
6.353333333333333055e-01
6.353333333333333055e-01
6.353333333333333055e-01
6.353333333333333055e-01
6.353333333333333055e-01
6.353333333333333055e-01
6.353333333333333055e-01
6.353333333333333055e-01
6.353333333333333055e-01
6.353333333333333055e-01
6.353333333333333055e-01
6.353333333333333055e-01
6.353333333333333055e-01
6.353333333333333055e-01
6.353333333333333055e-01
6.353333333333333055e-01
6.353333333333333055e-01
6.353333333333333055e-01
6.353333333333333055e-01
6.353333333333333055e-01
6.353333333333333055e-01
6.353333333333333055e-01
6.353333333333333055e-01
6.353333333333333055e-01
6.353333333333333055e-01
6.353333333333333055e-01
6.353333333333333055e-01
6.353333333333333055e-01
6.353333333333333055e-01
6.353333333333333055e-01
6.353333333333333055e-01
6.353333333333333055e-01
6.353333333333333055e-01
6.353333333333333055e-01
6.353333333333333055e-01
6.353333333333333055e-01
6.353333333333333055e-01
6.353333333333333055e-01
6.353333333333333055e-01
6.353333333333333055e-01
6.353333333333333055e-01
6.353333333333333055e-01
6.353333333333333055e-01
6.353333333333333055e-01
6.353333333333333055e-01
6.353333333333333055e-01
6.353333333333333055e-01
6.353333333333333055e-01
6.353333333333333055e-01
6.353333333333333055e-01
6.353333333333333055e-01
6.353333333333333055e-01
6.353333333333333055e-01
6.353333333333333055e-01
6.353333333333333055e-01
6.353333333333333055e-01
6.353333333333333055e-01
6.353333333333333055e-01
6.353333333333333055e-01
6.353333333333333055e-01
6.353333333333333055e-01
6.353333333333333055e-01
6.353333333333333055e-01
6.353333333333333055e-01
6.353333333333333055e-01
6.353333333333333055e-01
6.353333333333333055e-01
6.353333333333333055e-01
6.353333333333333055e-01
6.353333333333333055e-01
6.353333333333333055e-01
6.353333333333333055e-01
6.353333333333333055e-01
6.353333333333333055e-01
6.353333333333333055e-01
6.350000000000000089e-01
6.350000000000000089e-01
6.350000000000000089e-01
6.350000000000000089e-01
6.350000000000000089e-01
6.350000000000000089e-01
6.350000000000000089e-01
6.350000000000000089e-01
6.350000000000000089e-01
6.350000000000000089e-01
6.350000000000000089e-01
6.350000000000000089e-01
6.350000000000000089e-01
6.350000000000000089e-01
6.350000000000000089e-01
6.350000000000000089e-01
6.350000000000000089e-01
6.350000000000000089e-01
6.350000000000000089e-01
6.350000000000000089e-01
6.350000000000000089e-01
6.350000000000000089e-01
6.350000000000000089e-01
6.350000000000000089e-01
6.350000000000000089e-01
6.350000000000000089e-01
6.350000000000000089e-01
6.350000000000000089e-01
6.350000000000000089e-01
6.350000000000000089e-01
6.350000000000000089e-01
6.350000000000000089e-01
6.350000000000000089e-01
6.350000000000000089e-01
6.350000000000000089e-01
6.350000000000000089e-01
6.350000000000000089e-01
6.350000000000000089e-01
6.350000000000000089e-01
6.350000000000000089e-01
6.350000000000000089e-01
6.350000000000000089e-01
6.350000000000000089e-01
6.350000000000000089e-01
6.350000000000000089e-01
6.350000000000000089e-01
6.350000000000000089e-01
6.350000000000000089e-01
6.350000000000000089e-01
6.350000000000000089e-01
6.350000000000000089e-01
6.350000000000000089e-01
6.350000000000000089e-01
6.350000000000000089e-01
6.350000000000000089e-01
6.346666666666667123e-01
6.346666666666667123e-01
6.346666666666667123e-01
6.346666666666667123e-01
6.346666666666667123e-01
6.346666666666667123e-01
6.346666666666667123e-01
6.346666666666667123e-01
6.346666666666667123e-01
6.346666666666667123e-01
6.346666666666667123e-01
6.346666666666667123e-01
6.346666666666667123e-01
6.346666666666667123e-01
6.346666666666667123e-01
6.346666666666667123e-01
6.346666666666667123e-01
6.346666666666667123e-01
6.346666666666667123e-01
6.346666666666667123e-01
6.346666666666667123e-01
6.346666666666667123e-01
6.346666666666667123e-01
6.346666666666667123e-01
6.346666666666667123e-01
6.346666666666667123e-01
6.346666666666667123e-01
6.346666666666667123e-01
6.346666666666667123e-01
6.346666666666667123e-01
6.346666666666667123e-01
6.346666666666667123e-01
6.346666666666667123e-01
6.346666666666667123e-01
6.346666666666667123e-01
6.346666666666667123e-01
6.346666666666667123e-01
6.346666666666667123e-01
6.346666666666667123e-01
6.346666666666667123e-01
6.346666666666667123e-01
6.346666666666667123e-01
6.346666666666667123e-01
6.346666666666667123e-01
6.346666666666667123e-01
6.346666666666667123e-01
6.346666666666667123e-01
6.346666666666667123e-01
6.346666666666667123e-01
6.346666666666667123e-01
6.346666666666667123e-01
6.346666666666667123e-01
6.346666666666667123e-01
6.346666666666667123e-01
6.346666666666667123e-01
6.346666666666667123e-01
6.346666666666667123e-01
6.346666666666667123e-01
6.346666666666667123e-01
6.346666666666667123e-01
6.346666666666667123e-01
6.346666666666667123e-01
6.346666666666667123e-01
6.346666666666667123e-01
6.346666666666667123e-01
6.346666666666667123e-01
6.346666666666667123e-01
6.346666666666667123e-01
6.346666666666667123e-01
6.346666666666667123e-01
6.346666666666667123e-01
6.346666666666667123e-01
6.346666666666667123e-01
6.346666666666667123e-01
6.346666666666667123e-01
6.346666666666667123e-01
6.346666666666667123e-01
6.346666666666667123e-01
6.346666666666667123e-01
6.346666666666667123e-01
6.346666666666667123e-01
6.346666666666667123e-01
6.346666666666667123e-01
6.346666666666667123e-01
6.346666666666667123e-01
6.346666666666667123e-01
6.346666666666667123e-01
6.346666666666667123e-01
6.346666666666667123e-01
6.346666666666667123e-01
6.346666666666667123e-01
6.346666666666667123e-01
6.346666666666667123e-01
6.346666666666667123e-01
6.346666666666667123e-01
6.346666666666667123e-01
6.346666666666667123e-01
6.346666666666667123e-01
6.346666666666667123e-01
6.346666666666667123e-01
6.346666666666667123e-01
6.346666666666667123e-01
6.346666666666667123e-01
6.346666666666667123e-01
6.346666666666667123e-01
6.346666666666667123e-01
6.346666666666667123e-01
6.346666666666667123e-01
6.346666666666667123e-01
6.346666666666667123e-01
6.346666666666667123e-01
6.346666666666667123e-01
6.346666666666667123e-01
6.346666666666667123e-01
6.346666666666667123e-01
6.346666666666667123e-01
6.346666666666667123e-01
6.346666666666667123e-01
6.346666666666667123e-01
6.346666666666667123e-01
6.346666666666667123e-01
6.346666666666667123e-01
6.346666666666667123e-01
6.346666666666667123e-01
6.346666666666667123e-01
6.346666666666667123e-01
6.346666666666667123e-01
6.346666666666667123e-01
6.346666666666667123e-01
6.346666666666667123e-01
6.346666666666667123e-01
6.346666666666667123e-01
6.346666666666667123e-01
6.346666666666667123e-01
6.346666666666667123e-01
6.346666666666667123e-01
6.346666666666667123e-01
6.346666666666667123e-01
6.346666666666667123e-01
6.346666666666667123e-01
6.346666666666667123e-01
6.346666666666667123e-01
6.346666666666667123e-01
6.346666666666667123e-01
6.346666666666667123e-01
6.346666666666667123e-01
6.346666666666667123e-01
6.346666666666667123e-01
6.346666666666667123e-01
6.346666666666667123e-01
6.346666666666667123e-01
6.346666666666667123e-01
6.346666666666667123e-01
6.346666666666667123e-01
6.346666666666667123e-01
6.346666666666667123e-01
6.346666666666667123e-01
6.346666666666667123e-01
6.346666666666667123e-01
6.346666666666667123e-01
6.346666666666667123e-01
6.346666666666667123e-01
6.346666666666667123e-01
6.346666666666667123e-01
6.346666666666667123e-01
6.346666666666667123e-01
6.346666666666667123e-01
6.346666666666667123e-01
6.346666666666667123e-01
6.346666666666667123e-01
6.346666666666667123e-01
6.346666666666667123e-01
6.346666666666667123e-01
6.346666666666667123e-01
6.346666666666667123e-01
6.346666666666667123e-01
6.346666666666667123e-01
6.346666666666667123e-01
6.346666666666667123e-01
6.346666666666667123e-01
6.346666666666667123e-01
6.346666666666667123e-01
6.346666666666667123e-01
6.346666666666667123e-01
6.346666666666667123e-01
6.346666666666667123e-01
6.346666666666667123e-01
6.346666666666667123e-01
6.346666666666667123e-01
6.346666666666667123e-01
6.346666666666667123e-01
6.346666666666667123e-01
6.346666666666667123e-01
6.346666666666667123e-01
6.346666666666667123e-01
6.346666666666667123e-01
6.346666666666667123e-01
6.346666666666667123e-01
6.346666666666667123e-01
6.346666666666667123e-01
6.346666666666667123e-01
6.346666666666667123e-01
6.346666666666667123e-01
6.346666666666667123e-01
6.346666666666667123e-01
6.346666666666667123e-01
6.346666666666667123e-01
6.346666666666667123e-01
6.346666666666667123e-01
6.346666666666667123e-01
6.346666666666667123e-01
6.346666666666667123e-01
6.346666666666667123e-01
6.346666666666667123e-01
6.346666666666667123e-01
6.346666666666667123e-01
6.346666666666667123e-01
6.346666666666667123e-01
6.346666666666667123e-01
6.346666666666667123e-01
6.346666666666667123e-01
6.346666666666667123e-01
6.346666666666667123e-01
6.346666666666667123e-01
6.346666666666667123e-01
6.346666666666667123e-01
6.346666666666667123e-01
6.346666666666667123e-01
6.346666666666667123e-01
6.346666666666667123e-01
6.346666666666667123e-01
6.346666666666667123e-01
6.346666666666667123e-01
6.346666666666667123e-01
6.346666666666667123e-01
6.346666666666667123e-01
6.346666666666667123e-01
6.346666666666667123e-01
6.346666666666667123e-01
6.346666666666667123e-01
6.346666666666667123e-01
6.346666666666667123e-01
6.346666666666667123e-01
6.346666666666667123e-01
6.346666666666667123e-01
6.346666666666667123e-01
6.346666666666667123e-01
6.346666666666667123e-01
6.346666666666667123e-01
6.346666666666667123e-01
6.346666666666667123e-01
6.346666666666667123e-01
6.346666666666667123e-01
6.346666666666667123e-01
6.346666666666667123e-01
6.346666666666667123e-01
6.346666666666667123e-01
6.346666666666667123e-01
6.346666666666667123e-01
6.346666666666667123e-01
6.346666666666667123e-01
6.346666666666667123e-01
6.346666666666667123e-01
6.346666666666667123e-01
6.346666666666667123e-01
6.346666666666667123e-01
6.346666666666667123e-01
6.346666666666667123e-01
6.346666666666667123e-01
6.346666666666667123e-01
6.346666666666667123e-01
6.346666666666667123e-01
6.346666666666667123e-01
6.346666666666667123e-01
6.346666666666667123e-01
6.346666666666667123e-01
6.346666666666667123e-01
6.346666666666667123e-01
6.346666666666667123e-01
6.346666666666667123e-01
6.346666666666667123e-01
6.346666666666667123e-01
6.346666666666667123e-01
6.346666666666667123e-01
6.346666666666667123e-01
6.346666666666667123e-01
6.346666666666667123e-01
6.346666666666667123e-01
6.346666666666667123e-01
6.346666666666667123e-01
6.346666666666667123e-01
6.346666666666667123e-01
6.346666666666667123e-01
6.346666666666667123e-01
6.346666666666667123e-01
6.346666666666667123e-01
6.346666666666667123e-01
6.346666666666667123e-01
6.346666666666667123e-01
6.346666666666667123e-01
6.346666666666667123e-01
6.346666666666667123e-01
6.346666666666667123e-01
6.346666666666667123e-01
6.346666666666667123e-01
6.346666666666667123e-01
6.346666666666667123e-01
6.346666666666667123e-01
6.346666666666667123e-01
6.346666666666667123e-01
6.346666666666667123e-01
6.346666666666667123e-01
6.346666666666667123e-01
6.346666666666667123e-01
6.346666666666667123e-01
6.346666666666667123e-01
6.346666666666667123e-01
6.346666666666667123e-01
6.346666666666667123e-01
6.346666666666667123e-01
6.346666666666667123e-01
6.346666666666667123e-01
6.346666666666667123e-01
6.346666666666667123e-01
6.346666666666667123e-01
6.346666666666667123e-01
6.346666666666667123e-01
6.346666666666667123e-01
6.346666666666667123e-01
6.346666666666667123e-01
6.346666666666667123e-01
6.346666666666667123e-01
6.346666666666667123e-01
6.346666666666667123e-01
6.346666666666667123e-01
6.346666666666667123e-01
6.346666666666667123e-01
6.346666666666667123e-01
6.346666666666667123e-01
6.346666666666667123e-01
6.346666666666667123e-01
6.346666666666667123e-01
6.346666666666667123e-01
6.346666666666667123e-01
6.346666666666667123e-01
6.346666666666667123e-01
6.346666666666667123e-01
6.346666666666667123e-01
6.346666666666667123e-01
6.346666666666667123e-01
6.346666666666667123e-01
6.346666666666667123e-01
6.346666666666667123e-01
6.346666666666667123e-01
6.346666666666667123e-01
6.346666666666667123e-01
6.346666666666667123e-01
6.346666666666667123e-01
6.346666666666667123e-01
6.346666666666667123e-01
6.346666666666667123e-01
6.346666666666667123e-01
6.346666666666667123e-01
6.346666666666667123e-01
6.346666666666667123e-01
6.346666666666667123e-01
6.346666666666667123e-01
6.346666666666667123e-01
6.346666666666667123e-01
6.346666666666667123e-01
6.346666666666667123e-01
6.346666666666667123e-01
6.346666666666667123e-01
6.346666666666667123e-01
6.346666666666667123e-01
6.346666666666667123e-01
6.346666666666667123e-01
6.346666666666667123e-01
6.346666666666667123e-01
6.346666666666667123e-01
6.346666666666667123e-01
6.346666666666667123e-01
6.346666666666667123e-01
6.346666666666667123e-01
6.346666666666667123e-01
6.346666666666667123e-01
6.346666666666667123e-01
6.346666666666667123e-01
6.346666666666667123e-01
6.346666666666667123e-01
6.346666666666667123e-01
6.346666666666667123e-01
6.346666666666667123e-01
6.346666666666667123e-01
6.346666666666667123e-01
6.346666666666667123e-01
6.346666666666667123e-01
6.346666666666667123e-01
6.346666666666667123e-01
6.346666666666667123e-01
6.346666666666667123e-01
6.346666666666667123e-01
6.346666666666667123e-01
6.346666666666667123e-01
6.346666666666667123e-01
6.346666666666667123e-01
6.346666666666667123e-01
6.346666666666667123e-01
6.346666666666667123e-01
6.346666666666667123e-01
6.346666666666667123e-01
6.346666666666667123e-01
6.346666666666667123e-01
6.346666666666667123e-01
6.346666666666667123e-01
6.346666666666667123e-01
6.346666666666667123e-01
6.346666666666667123e-01
6.346666666666667123e-01
6.346666666666667123e-01
6.346666666666667123e-01
6.346666666666667123e-01
6.346666666666667123e-01
6.346666666666667123e-01
6.346666666666667123e-01
6.346666666666667123e-01
6.346666666666667123e-01
6.346666666666667123e-01
6.346666666666667123e-01
6.346666666666667123e-01
6.346666666666667123e-01
6.346666666666667123e-01
6.346666666666667123e-01
6.346666666666667123e-01
6.346666666666667123e-01
6.346666666666667123e-01
6.346666666666667123e-01
6.346666666666667123e-01
6.346666666666667123e-01
6.346666666666667123e-01
6.346666666666667123e-01
6.346666666666667123e-01
6.346666666666667123e-01
6.346666666666667123e-01
6.346666666666667123e-01
6.346666666666667123e-01
6.346666666666667123e-01
6.346666666666667123e-01
6.346666666666667123e-01
6.346666666666667123e-01
6.346666666666667123e-01
6.346666666666667123e-01
6.346666666666667123e-01
6.346666666666667123e-01
6.346666666666667123e-01
6.346666666666667123e-01
6.346666666666667123e-01
6.346666666666667123e-01
6.346666666666667123e-01
6.346666666666667123e-01
6.346666666666667123e-01
6.346666666666667123e-01
6.346666666666667123e-01
6.346666666666667123e-01
6.346666666666667123e-01
6.346666666666667123e-01
6.346666666666667123e-01
6.346666666666667123e-01
6.346666666666667123e-01
6.346666666666667123e-01
6.346666666666667123e-01
6.346666666666667123e-01
6.346666666666667123e-01
6.346666666666667123e-01
6.346666666666667123e-01
6.346666666666667123e-01
6.346666666666667123e-01
6.346666666666667123e-01
6.346666666666667123e-01
6.346666666666667123e-01
6.346666666666667123e-01
6.346666666666667123e-01
6.346666666666667123e-01
6.346666666666667123e-01
6.346666666666667123e-01
6.346666666666667123e-01
6.346666666666667123e-01
6.346666666666667123e-01
6.346666666666667123e-01
6.346666666666667123e-01
6.346666666666667123e-01
6.346666666666667123e-01
6.346666666666667123e-01
6.346666666666667123e-01
6.346666666666667123e-01
6.346666666666667123e-01
6.346666666666667123e-01
6.346666666666667123e-01
6.346666666666667123e-01
6.346666666666667123e-01
6.346666666666667123e-01
6.346666666666667123e-01
6.346666666666667123e-01
6.346666666666667123e-01
6.346666666666667123e-01
6.346666666666667123e-01
6.346666666666667123e-01
6.346666666666667123e-01
6.346666666666667123e-01
6.346666666666667123e-01
6.346666666666667123e-01
6.346666666666667123e-01
6.346666666666667123e-01
6.346666666666667123e-01
6.346666666666667123e-01
6.346666666666667123e-01
6.346666666666667123e-01
6.346666666666667123e-01
6.346666666666667123e-01
6.346666666666667123e-01
6.346666666666667123e-01
6.346666666666667123e-01
6.346666666666667123e-01
6.346666666666667123e-01
6.346666666666667123e-01
6.346666666666667123e-01
6.346666666666667123e-01
6.346666666666667123e-01
6.346666666666667123e-01
6.346666666666667123e-01
6.346666666666667123e-01
6.346666666666667123e-01
6.346666666666667123e-01
6.346666666666667123e-01
6.346666666666667123e-01
6.346666666666667123e-01
6.346666666666667123e-01
6.346666666666667123e-01
6.346666666666667123e-01
6.346666666666667123e-01
6.346666666666667123e-01
6.346666666666667123e-01
6.346666666666667123e-01
6.346666666666667123e-01
6.346666666666667123e-01
6.346666666666667123e-01
6.346666666666667123e-01
6.346666666666667123e-01
6.346666666666667123e-01
6.346666666666667123e-01
6.346666666666667123e-01
6.346666666666667123e-01
6.346666666666667123e-01
6.346666666666667123e-01
6.346666666666667123e-01
6.346666666666667123e-01
6.346666666666667123e-01
6.346666666666667123e-01
6.346666666666667123e-01
6.346666666666667123e-01
6.346666666666667123e-01
6.346666666666667123e-01
6.346666666666667123e-01
6.346666666666667123e-01
6.346666666666667123e-01
6.346666666666667123e-01
6.346666666666667123e-01
6.346666666666667123e-01
6.346666666666667123e-01
6.346666666666667123e-01
6.343333333333333046e-01
6.343333333333333046e-01
6.343333333333333046e-01
6.343333333333333046e-01
6.343333333333333046e-01
6.343333333333333046e-01
6.343333333333333046e-01
6.343333333333333046e-01
6.343333333333333046e-01
6.343333333333333046e-01
6.343333333333333046e-01
6.343333333333333046e-01
6.343333333333333046e-01
6.343333333333333046e-01
6.343333333333333046e-01
6.343333333333333046e-01
6.343333333333333046e-01
6.343333333333333046e-01
6.343333333333333046e-01
6.343333333333333046e-01
6.343333333333333046e-01
6.343333333333333046e-01
6.343333333333333046e-01
6.343333333333333046e-01
6.343333333333333046e-01
6.343333333333333046e-01
6.343333333333333046e-01
6.343333333333333046e-01
6.343333333333333046e-01
6.343333333333333046e-01
6.343333333333333046e-01
6.343333333333333046e-01
6.343333333333333046e-01
6.343333333333333046e-01
6.343333333333333046e-01
6.343333333333333046e-01
6.343333333333333046e-01
6.343333333333333046e-01
6.343333333333333046e-01
6.343333333333333046e-01
6.343333333333333046e-01
6.343333333333333046e-01
6.343333333333333046e-01
6.343333333333333046e-01
6.343333333333333046e-01
6.343333333333333046e-01
6.343333333333333046e-01
6.343333333333333046e-01
6.343333333333333046e-01
6.343333333333333046e-01
6.343333333333333046e-01
6.343333333333333046e-01
6.343333333333333046e-01
6.343333333333333046e-01
6.343333333333333046e-01
6.343333333333333046e-01
6.343333333333333046e-01
6.343333333333333046e-01
6.343333333333333046e-01
6.343333333333333046e-01
6.343333333333333046e-01
6.343333333333333046e-01
6.343333333333333046e-01
6.343333333333333046e-01
6.343333333333333046e-01
6.343333333333333046e-01
6.343333333333333046e-01
6.343333333333333046e-01
6.343333333333333046e-01
6.343333333333333046e-01
6.343333333333333046e-01
6.343333333333333046e-01
6.343333333333333046e-01
6.343333333333333046e-01
6.343333333333333046e-01
6.343333333333333046e-01
6.343333333333333046e-01
6.343333333333333046e-01
6.343333333333333046e-01
6.343333333333333046e-01
6.343333333333333046e-01
6.343333333333333046e-01
6.343333333333333046e-01
6.343333333333333046e-01
6.343333333333333046e-01
6.343333333333333046e-01
6.343333333333333046e-01
6.343333333333333046e-01
6.343333333333333046e-01
6.343333333333333046e-01
6.343333333333333046e-01
6.343333333333333046e-01
6.343333333333333046e-01
6.343333333333333046e-01
6.343333333333333046e-01
6.343333333333333046e-01
6.343333333333333046e-01
6.343333333333333046e-01
6.343333333333333046e-01
6.343333333333333046e-01
6.340000000000000080e-01
6.340000000000000080e-01
6.340000000000000080e-01
6.340000000000000080e-01
6.340000000000000080e-01
6.340000000000000080e-01
6.340000000000000080e-01
6.340000000000000080e-01
6.340000000000000080e-01
6.340000000000000080e-01
6.340000000000000080e-01
6.340000000000000080e-01
6.340000000000000080e-01
6.340000000000000080e-01
6.340000000000000080e-01
6.340000000000000080e-01
6.340000000000000080e-01
6.340000000000000080e-01
6.336666666666667114e-01
6.336666666666667114e-01
6.336666666666667114e-01
6.336666666666667114e-01
6.336666666666667114e-01
6.336666666666667114e-01
6.336666666666667114e-01
6.336666666666667114e-01
6.336666666666667114e-01
6.336666666666667114e-01
6.336666666666667114e-01
6.336666666666667114e-01
6.336666666666667114e-01
6.336666666666667114e-01
6.336666666666667114e-01
6.336666666666667114e-01
6.336666666666667114e-01
6.336666666666667114e-01
6.336666666666667114e-01
6.336666666666667114e-01
6.336666666666667114e-01
6.336666666666667114e-01
6.336666666666667114e-01
6.336666666666667114e-01
6.336666666666667114e-01
6.336666666666667114e-01
6.336666666666667114e-01
6.336666666666667114e-01
6.336666666666667114e-01
6.336666666666667114e-01
6.336666666666667114e-01
6.336666666666667114e-01
6.336666666666667114e-01
6.336666666666667114e-01
6.336666666666667114e-01
6.336666666666667114e-01
6.336666666666667114e-01
6.336666666666667114e-01
6.336666666666667114e-01
6.336666666666667114e-01
6.336666666666667114e-01
6.336666666666667114e-01
6.336666666666667114e-01
6.336666666666667114e-01
6.336666666666667114e-01
6.336666666666667114e-01
6.336666666666667114e-01
6.336666666666667114e-01
6.336666666666667114e-01
6.336666666666667114e-01
6.336666666666667114e-01
6.336666666666667114e-01
6.336666666666667114e-01
6.336666666666667114e-01
6.336666666666667114e-01
6.336666666666667114e-01
6.336666666666667114e-01
6.336666666666667114e-01
6.336666666666667114e-01
6.336666666666667114e-01
6.336666666666667114e-01
6.336666666666667114e-01
6.336666666666667114e-01
6.336666666666667114e-01
6.336666666666667114e-01
6.336666666666667114e-01
6.336666666666667114e-01
6.336666666666667114e-01
6.336666666666667114e-01
6.336666666666667114e-01
6.336666666666667114e-01
6.336666666666667114e-01
6.336666666666667114e-01
6.336666666666667114e-01
6.336666666666667114e-01
6.336666666666667114e-01
6.336666666666667114e-01
6.336666666666667114e-01
6.336666666666667114e-01
6.336666666666667114e-01
6.336666666666667114e-01
6.336666666666667114e-01
6.336666666666667114e-01
6.336666666666667114e-01
6.336666666666667114e-01
6.336666666666667114e-01
6.336666666666667114e-01
6.336666666666667114e-01
6.336666666666667114e-01
6.336666666666667114e-01
6.336666666666667114e-01
6.336666666666667114e-01
6.336666666666667114e-01
6.336666666666667114e-01
6.336666666666667114e-01
6.336666666666667114e-01
6.336666666666667114e-01
6.336666666666667114e-01
6.336666666666667114e-01
6.336666666666667114e-01
6.336666666666667114e-01
6.336666666666667114e-01
6.336666666666667114e-01
6.336666666666667114e-01
6.336666666666667114e-01
6.336666666666667114e-01
6.336666666666667114e-01
6.336666666666667114e-01
6.336666666666667114e-01
6.336666666666667114e-01
6.336666666666667114e-01
6.336666666666667114e-01
6.336666666666667114e-01
6.336666666666667114e-01
6.336666666666667114e-01
6.336666666666667114e-01
6.336666666666667114e-01
6.336666666666667114e-01
6.336666666666667114e-01
6.336666666666667114e-01
6.336666666666667114e-01
6.336666666666667114e-01
6.336666666666667114e-01
6.336666666666667114e-01
6.336666666666667114e-01
6.336666666666667114e-01
6.336666666666667114e-01
6.336666666666667114e-01
6.336666666666667114e-01
6.336666666666667114e-01
6.336666666666667114e-01
6.336666666666667114e-01
6.336666666666667114e-01
6.336666666666667114e-01
6.336666666666667114e-01
6.336666666666667114e-01
6.336666666666667114e-01
6.336666666666667114e-01
6.336666666666667114e-01
6.336666666666667114e-01
6.336666666666667114e-01
6.336666666666667114e-01
6.336666666666667114e-01
6.336666666666667114e-01
6.336666666666667114e-01
6.336666666666667114e-01
6.336666666666667114e-01
6.336666666666667114e-01
6.336666666666667114e-01
6.336666666666667114e-01
6.336666666666667114e-01
6.336666666666667114e-01
6.336666666666667114e-01
6.336666666666667114e-01
6.336666666666667114e-01
6.336666666666667114e-01
6.336666666666667114e-01
6.336666666666667114e-01
6.336666666666667114e-01
6.336666666666667114e-01
6.336666666666667114e-01
6.336666666666667114e-01
6.336666666666667114e-01
6.336666666666667114e-01
6.336666666666667114e-01
6.336666666666667114e-01
6.336666666666667114e-01
6.336666666666667114e-01
6.336666666666667114e-01
6.336666666666667114e-01
6.336666666666667114e-01
6.336666666666667114e-01
6.336666666666667114e-01
6.336666666666667114e-01
6.336666666666667114e-01
6.336666666666667114e-01
6.336666666666667114e-01
6.336666666666667114e-01
6.336666666666667114e-01
6.336666666666667114e-01
6.336666666666667114e-01
6.336666666666667114e-01
6.336666666666667114e-01
6.336666666666667114e-01
6.336666666666667114e-01
6.336666666666667114e-01
6.336666666666667114e-01
6.336666666666667114e-01
6.336666666666667114e-01
6.336666666666667114e-01
6.336666666666667114e-01
6.336666666666667114e-01
6.336666666666667114e-01
6.336666666666667114e-01
6.336666666666667114e-01
6.336666666666667114e-01
6.336666666666667114e-01
6.336666666666667114e-01
6.336666666666667114e-01
6.336666666666667114e-01
6.336666666666667114e-01
6.336666666666667114e-01
6.336666666666667114e-01
6.336666666666667114e-01
6.336666666666667114e-01
6.336666666666667114e-01
6.336666666666667114e-01
6.336666666666667114e-01
6.336666666666667114e-01
6.336666666666667114e-01
6.336666666666667114e-01
6.336666666666667114e-01
6.336666666666667114e-01
6.336666666666667114e-01
6.336666666666667114e-01
6.336666666666667114e-01
6.336666666666667114e-01
6.336666666666667114e-01
6.336666666666667114e-01
6.336666666666667114e-01
6.336666666666667114e-01
6.336666666666667114e-01
6.336666666666667114e-01
6.336666666666667114e-01
6.336666666666667114e-01
6.336666666666667114e-01
6.336666666666667114e-01
6.336666666666667114e-01
6.336666666666667114e-01
6.336666666666667114e-01
6.336666666666667114e-01
6.336666666666667114e-01
6.336666666666667114e-01
6.336666666666667114e-01
6.336666666666667114e-01
6.336666666666667114e-01
6.336666666666667114e-01
6.336666666666667114e-01
6.336666666666667114e-01
6.336666666666667114e-01
6.336666666666667114e-01
6.336666666666667114e-01
6.336666666666667114e-01
6.336666666666667114e-01
6.336666666666667114e-01
6.336666666666667114e-01
6.336666666666667114e-01
6.336666666666667114e-01
6.336666666666667114e-01
6.336666666666667114e-01
6.336666666666667114e-01
6.336666666666667114e-01
6.333333333333333037e-01
6.333333333333333037e-01
6.333333333333333037e-01
6.333333333333333037e-01
6.333333333333333037e-01
6.333333333333333037e-01
6.333333333333333037e-01
6.333333333333333037e-01
6.333333333333333037e-01
6.333333333333333037e-01
6.333333333333333037e-01
6.333333333333333037e-01
6.333333333333333037e-01
6.333333333333333037e-01
6.333333333333333037e-01
6.333333333333333037e-01
6.333333333333333037e-01
6.333333333333333037e-01
6.333333333333333037e-01
6.333333333333333037e-01
6.333333333333333037e-01
6.333333333333333037e-01
6.333333333333333037e-01
6.333333333333333037e-01
6.333333333333333037e-01
6.333333333333333037e-01
6.333333333333333037e-01
6.333333333333333037e-01
6.333333333333333037e-01
6.333333333333333037e-01
6.333333333333333037e-01
6.333333333333333037e-01
6.333333333333333037e-01
6.333333333333333037e-01
6.333333333333333037e-01
6.333333333333333037e-01
6.333333333333333037e-01
6.333333333333333037e-01
6.333333333333333037e-01
6.333333333333333037e-01
6.333333333333333037e-01
6.333333333333333037e-01
6.333333333333333037e-01
6.333333333333333037e-01
6.333333333333333037e-01
6.333333333333333037e-01
6.333333333333333037e-01
6.333333333333333037e-01
6.333333333333333037e-01
6.333333333333333037e-01
6.333333333333333037e-01
6.333333333333333037e-01
6.333333333333333037e-01
6.333333333333333037e-01
6.333333333333333037e-01
6.333333333333333037e-01
6.333333333333333037e-01
6.333333333333333037e-01
6.333333333333333037e-01
6.333333333333333037e-01
6.333333333333333037e-01
6.333333333333333037e-01
6.333333333333333037e-01
6.333333333333333037e-01
6.333333333333333037e-01
6.333333333333333037e-01
6.333333333333333037e-01
6.333333333333333037e-01
6.333333333333333037e-01
6.333333333333333037e-01
6.333333333333333037e-01
6.333333333333333037e-01
6.333333333333333037e-01
6.333333333333333037e-01
6.333333333333333037e-01
6.333333333333333037e-01
6.333333333333333037e-01
6.333333333333333037e-01
6.333333333333333037e-01
6.333333333333333037e-01
6.333333333333333037e-01
6.333333333333333037e-01
6.333333333333333037e-01
6.333333333333333037e-01
6.333333333333333037e-01
6.333333333333333037e-01
6.333333333333333037e-01
6.333333333333333037e-01
6.333333333333333037e-01
6.333333333333333037e-01
6.333333333333333037e-01
6.333333333333333037e-01
6.333333333333333037e-01
6.333333333333333037e-01
6.333333333333333037e-01
6.333333333333333037e-01
6.333333333333333037e-01
6.333333333333333037e-01
6.333333333333333037e-01
6.333333333333333037e-01
6.333333333333333037e-01
6.333333333333333037e-01
6.333333333333333037e-01
6.333333333333333037e-01
6.333333333333333037e-01
6.333333333333333037e-01
6.333333333333333037e-01
6.333333333333333037e-01
6.333333333333333037e-01
6.333333333333333037e-01
6.333333333333333037e-01
6.333333333333333037e-01
6.333333333333333037e-01
6.333333333333333037e-01
6.333333333333333037e-01
6.333333333333333037e-01
6.333333333333333037e-01
6.333333333333333037e-01
6.333333333333333037e-01
6.333333333333333037e-01
6.333333333333333037e-01
6.333333333333333037e-01
6.333333333333333037e-01
6.333333333333333037e-01
6.333333333333333037e-01
6.333333333333333037e-01
6.333333333333333037e-01
6.333333333333333037e-01
6.333333333333333037e-01
6.333333333333333037e-01
6.333333333333333037e-01
6.333333333333333037e-01
6.333333333333333037e-01
6.333333333333333037e-01
6.333333333333333037e-01
6.333333333333333037e-01
6.333333333333333037e-01
6.333333333333333037e-01
6.333333333333333037e-01
6.333333333333333037e-01
6.333333333333333037e-01
6.333333333333333037e-01
6.333333333333333037e-01
6.333333333333333037e-01
6.333333333333333037e-01
6.333333333333333037e-01
6.333333333333333037e-01
6.333333333333333037e-01
6.333333333333333037e-01
6.333333333333333037e-01
6.333333333333333037e-01
6.333333333333333037e-01
6.333333333333333037e-01
6.333333333333333037e-01
6.333333333333333037e-01
6.333333333333333037e-01
6.333333333333333037e-01
6.333333333333333037e-01
6.333333333333333037e-01
6.333333333333333037e-01
6.333333333333333037e-01
6.333333333333333037e-01
6.330000000000000071e-01
6.330000000000000071e-01
6.330000000000000071e-01
6.330000000000000071e-01
6.330000000000000071e-01
6.330000000000000071e-01
6.330000000000000071e-01
6.330000000000000071e-01
6.330000000000000071e-01
6.330000000000000071e-01
6.330000000000000071e-01
6.330000000000000071e-01
6.330000000000000071e-01
6.330000000000000071e-01
6.330000000000000071e-01
6.330000000000000071e-01
6.330000000000000071e-01
6.326666666666667105e-01
6.326666666666667105e-01
6.326666666666667105e-01
6.326666666666667105e-01
6.326666666666667105e-01
6.326666666666667105e-01
6.323333333333333028e-01
6.323333333333333028e-01
6.323333333333333028e-01
6.323333333333333028e-01
6.323333333333333028e-01
6.323333333333333028e-01
6.323333333333333028e-01
6.323333333333333028e-01
6.323333333333333028e-01
6.323333333333333028e-01
6.323333333333333028e-01
6.323333333333333028e-01
6.323333333333333028e-01
6.323333333333333028e-01
6.323333333333333028e-01
6.323333333333333028e-01
6.323333333333333028e-01
6.323333333333333028e-01
6.323333333333333028e-01
6.323333333333333028e-01
6.323333333333333028e-01
6.323333333333333028e-01
6.323333333333333028e-01
6.323333333333333028e-01
6.323333333333333028e-01
6.323333333333333028e-01
6.323333333333333028e-01
6.323333333333333028e-01
6.323333333333333028e-01
6.323333333333333028e-01
6.323333333333333028e-01
6.323333333333333028e-01
6.323333333333333028e-01
6.323333333333333028e-01
6.323333333333333028e-01
6.323333333333333028e-01
6.323333333333333028e-01
6.323333333333333028e-01
6.323333333333333028e-01
6.323333333333333028e-01
6.323333333333333028e-01
6.323333333333333028e-01
6.323333333333333028e-01
6.323333333333333028e-01
6.323333333333333028e-01
6.323333333333333028e-01
6.323333333333333028e-01
6.323333333333333028e-01
6.323333333333333028e-01
6.323333333333333028e-01
6.323333333333333028e-01
6.323333333333333028e-01
6.323333333333333028e-01
6.323333333333333028e-01
6.323333333333333028e-01
6.323333333333333028e-01
6.323333333333333028e-01
6.323333333333333028e-01
6.323333333333333028e-01
6.323333333333333028e-01
6.323333333333333028e-01
6.323333333333333028e-01
6.323333333333333028e-01
6.323333333333333028e-01
6.323333333333333028e-01
6.323333333333333028e-01
6.323333333333333028e-01
6.323333333333333028e-01
6.323333333333333028e-01
6.323333333333333028e-01
6.323333333333333028e-01
6.323333333333333028e-01
6.323333333333333028e-01
6.323333333333333028e-01
6.323333333333333028e-01
6.323333333333333028e-01
6.323333333333333028e-01
6.323333333333333028e-01
6.323333333333333028e-01
6.323333333333333028e-01
6.323333333333333028e-01
6.323333333333333028e-01
6.323333333333333028e-01
6.323333333333333028e-01
6.323333333333333028e-01
6.320000000000000062e-01
6.320000000000000062e-01
6.320000000000000062e-01
6.320000000000000062e-01
6.320000000000000062e-01
6.320000000000000062e-01
6.320000000000000062e-01
6.320000000000000062e-01
6.320000000000000062e-01
6.320000000000000062e-01
6.320000000000000062e-01
6.320000000000000062e-01
6.320000000000000062e-01
6.320000000000000062e-01
6.320000000000000062e-01
6.320000000000000062e-01
6.320000000000000062e-01
6.320000000000000062e-01
6.320000000000000062e-01
6.320000000000000062e-01
6.320000000000000062e-01
6.320000000000000062e-01
6.320000000000000062e-01
6.320000000000000062e-01
6.320000000000000062e-01
6.320000000000000062e-01
6.320000000000000062e-01
6.320000000000000062e-01
6.320000000000000062e-01
6.320000000000000062e-01
6.320000000000000062e-01
6.320000000000000062e-01
6.320000000000000062e-01
6.320000000000000062e-01
6.320000000000000062e-01
6.320000000000000062e-01
6.320000000000000062e-01
6.320000000000000062e-01
6.320000000000000062e-01
6.320000000000000062e-01
6.320000000000000062e-01
6.320000000000000062e-01
6.320000000000000062e-01
6.320000000000000062e-01
6.320000000000000062e-01
6.320000000000000062e-01
6.320000000000000062e-01
6.320000000000000062e-01
6.320000000000000062e-01
6.320000000000000062e-01
6.320000000000000062e-01
6.320000000000000062e-01
6.320000000000000062e-01
6.320000000000000062e-01
6.320000000000000062e-01
6.320000000000000062e-01
6.320000000000000062e-01
6.320000000000000062e-01
6.320000000000000062e-01
6.320000000000000062e-01
6.320000000000000062e-01
6.320000000000000062e-01
6.320000000000000062e-01
6.320000000000000062e-01
6.320000000000000062e-01
6.320000000000000062e-01
6.320000000000000062e-01
6.320000000000000062e-01
6.320000000000000062e-01
6.320000000000000062e-01
6.320000000000000062e-01
6.320000000000000062e-01
6.320000000000000062e-01
6.320000000000000062e-01
6.320000000000000062e-01
6.320000000000000062e-01
6.320000000000000062e-01
6.320000000000000062e-01
6.320000000000000062e-01
6.320000000000000062e-01
6.320000000000000062e-01
6.316666666666667096e-01
6.316666666666667096e-01
6.316666666666667096e-01
6.316666666666667096e-01
6.316666666666667096e-01
6.316666666666667096e-01
6.313333333333333020e-01
6.313333333333333020e-01
6.313333333333333020e-01
6.313333333333333020e-01
6.313333333333333020e-01
6.313333333333333020e-01
6.313333333333333020e-01
6.313333333333333020e-01
6.313333333333333020e-01
6.313333333333333020e-01
6.313333333333333020e-01
6.313333333333333020e-01
6.313333333333333020e-01
6.313333333333333020e-01
6.313333333333333020e-01
6.313333333333333020e-01
6.313333333333333020e-01
6.313333333333333020e-01
6.313333333333333020e-01
6.313333333333333020e-01
6.313333333333333020e-01
6.313333333333333020e-01
6.313333333333333020e-01
6.313333333333333020e-01
6.313333333333333020e-01
6.313333333333333020e-01
6.313333333333333020e-01
6.313333333333333020e-01
6.313333333333333020e-01
6.313333333333333020e-01
6.313333333333333020e-01
6.313333333333333020e-01
6.313333333333333020e-01
6.313333333333333020e-01
6.313333333333333020e-01
6.313333333333333020e-01
6.313333333333333020e-01
6.313333333333333020e-01
6.313333333333333020e-01
6.313333333333333020e-01
6.313333333333333020e-01
6.313333333333333020e-01
6.313333333333333020e-01
6.313333333333333020e-01
6.313333333333333020e-01
6.313333333333333020e-01
6.313333333333333020e-01
6.313333333333333020e-01
6.313333333333333020e-01
6.313333333333333020e-01
6.313333333333333020e-01
6.313333333333333020e-01
6.313333333333333020e-01
6.313333333333333020e-01
6.313333333333333020e-01
6.313333333333333020e-01
6.313333333333333020e-01
6.313333333333333020e-01
6.313333333333333020e-01
6.313333333333333020e-01
6.313333333333333020e-01
6.313333333333333020e-01
6.313333333333333020e-01
6.313333333333333020e-01
6.313333333333333020e-01
6.313333333333333020e-01
6.313333333333333020e-01
6.313333333333333020e-01
6.313333333333333020e-01
6.313333333333333020e-01
6.313333333333333020e-01
6.313333333333333020e-01
6.313333333333333020e-01
6.313333333333333020e-01
6.313333333333333020e-01
6.313333333333333020e-01
6.313333333333333020e-01
6.313333333333333020e-01
6.313333333333333020e-01
6.313333333333333020e-01
6.313333333333333020e-01
6.313333333333333020e-01
6.313333333333333020e-01
6.313333333333333020e-01
6.313333333333333020e-01
6.313333333333333020e-01
6.313333333333333020e-01
6.313333333333333020e-01
6.313333333333333020e-01
6.313333333333333020e-01
6.313333333333333020e-01
6.313333333333333020e-01
6.313333333333333020e-01
6.313333333333333020e-01
6.313333333333333020e-01
6.313333333333333020e-01
6.313333333333333020e-01
6.313333333333333020e-01
6.313333333333333020e-01
6.313333333333333020e-01
6.313333333333333020e-01
6.313333333333333020e-01
6.313333333333333020e-01
6.313333333333333020e-01
6.313333333333333020e-01
6.313333333333333020e-01
6.313333333333333020e-01
6.313333333333333020e-01
6.313333333333333020e-01
6.313333333333333020e-01
6.313333333333333020e-01
6.313333333333333020e-01
6.313333333333333020e-01
6.313333333333333020e-01
6.313333333333333020e-01
6.313333333333333020e-01
6.313333333333333020e-01
6.313333333333333020e-01
6.313333333333333020e-01
6.313333333333333020e-01
6.313333333333333020e-01
6.313333333333333020e-01
6.313333333333333020e-01
6.313333333333333020e-01
6.313333333333333020e-01
6.313333333333333020e-01
6.313333333333333020e-01
6.313333333333333020e-01
6.313333333333333020e-01
6.313333333333333020e-01
6.313333333333333020e-01
6.313333333333333020e-01
6.313333333333333020e-01
6.313333333333333020e-01
6.313333333333333020e-01
6.313333333333333020e-01
6.313333333333333020e-01
6.313333333333333020e-01
6.313333333333333020e-01
6.313333333333333020e-01
6.313333333333333020e-01
6.313333333333333020e-01
6.313333333333333020e-01
6.313333333333333020e-01
6.313333333333333020e-01
6.313333333333333020e-01
6.313333333333333020e-01
6.313333333333333020e-01
6.313333333333333020e-01
6.313333333333333020e-01
6.313333333333333020e-01
6.313333333333333020e-01
6.313333333333333020e-01
6.313333333333333020e-01
6.313333333333333020e-01
6.313333333333333020e-01
6.313333333333333020e-01
6.313333333333333020e-01
6.313333333333333020e-01
6.313333333333333020e-01
6.313333333333333020e-01
6.313333333333333020e-01
6.313333333333333020e-01
6.313333333333333020e-01
6.313333333333333020e-01
6.313333333333333020e-01
6.313333333333333020e-01
6.313333333333333020e-01
6.313333333333333020e-01
6.313333333333333020e-01
6.313333333333333020e-01
6.313333333333333020e-01
6.313333333333333020e-01
6.313333333333333020e-01
6.313333333333333020e-01
6.313333333333333020e-01
6.313333333333333020e-01
6.313333333333333020e-01
6.313333333333333020e-01
6.313333333333333020e-01
6.313333333333333020e-01
6.313333333333333020e-01
6.313333333333333020e-01
6.313333333333333020e-01
6.313333333333333020e-01
6.313333333333333020e-01
6.313333333333333020e-01
6.313333333333333020e-01
6.313333333333333020e-01
6.313333333333333020e-01
6.313333333333333020e-01
6.313333333333333020e-01
6.313333333333333020e-01
6.313333333333333020e-01
6.313333333333333020e-01
6.313333333333333020e-01
6.313333333333333020e-01
6.313333333333333020e-01
6.313333333333333020e-01
6.313333333333333020e-01
6.313333333333333020e-01
6.313333333333333020e-01
6.313333333333333020e-01
6.313333333333333020e-01
6.313333333333333020e-01
6.313333333333333020e-01
6.313333333333333020e-01
6.313333333333333020e-01
6.313333333333333020e-01
6.313333333333333020e-01
6.313333333333333020e-01
6.313333333333333020e-01
6.313333333333333020e-01
6.313333333333333020e-01
6.313333333333333020e-01
6.313333333333333020e-01
6.313333333333333020e-01
6.313333333333333020e-01
6.313333333333333020e-01
6.313333333333333020e-01
6.313333333333333020e-01
6.313333333333333020e-01
6.313333333333333020e-01
6.313333333333333020e-01
6.313333333333333020e-01
6.313333333333333020e-01
6.313333333333333020e-01
6.313333333333333020e-01
6.313333333333333020e-01
6.313333333333333020e-01
6.313333333333333020e-01
6.313333333333333020e-01
6.313333333333333020e-01
6.313333333333333020e-01
6.313333333333333020e-01
6.313333333333333020e-01
6.313333333333333020e-01
6.313333333333333020e-01
6.313333333333333020e-01
6.313333333333333020e-01
6.313333333333333020e-01
6.313333333333333020e-01
6.313333333333333020e-01
6.313333333333333020e-01
6.313333333333333020e-01
6.313333333333333020e-01
6.313333333333333020e-01
6.313333333333333020e-01
6.313333333333333020e-01
6.313333333333333020e-01
6.313333333333333020e-01
6.313333333333333020e-01
6.313333333333333020e-01
6.313333333333333020e-01
6.313333333333333020e-01
6.313333333333333020e-01
6.313333333333333020e-01
6.313333333333333020e-01
6.313333333333333020e-01
6.313333333333333020e-01
6.313333333333333020e-01
6.313333333333333020e-01
6.313333333333333020e-01
6.310000000000000053e-01
6.310000000000000053e-01
6.310000000000000053e-01
6.310000000000000053e-01
6.310000000000000053e-01
