3.980000000000000204e-01
3.976666666666666683e-01
3.970000000000000195e-01
3.910000000000000142e-01
3.850000000000000089e-01
3.760000000000000009e-01
3.669999999999999929e-01
3.576666666666666883e-01
3.473333333333333273e-01
3.376666666666666705e-01
3.286666666666666625e-01
3.216666666666666563e-01
3.150000000000000022e-01
3.083333333333333481e-01
3.006666666666666932e-01
2.926666666666666861e-01
2.836666666666666781e-01
2.770000000000000240e-01
2.706666666666666665e-01
2.656666666666666621e-01
2.593333333333333601e-01
2.546666666666666523e-01
2.473333333333333217e-01
2.416666666666666685e-01
2.383333333333333415e-01
2.323333333333333361e-01
2.276666666666666561e-01
2.233333333333333282e-01
2.183333333333333237e-01
2.139999999999999958e-01
2.116666666666666696e-01
2.093333333333333435e-01
2.066666666666666652e-01
2.039999999999999869e-01
2.010000000000000120e-01
1.973333333333333328e-01
1.953333333333333310e-01
1.933333333333333293e-01
1.910000000000000031e-01
1.890000000000000013e-01
1.866666666666666752e-01
1.839999999999999969e-01
1.823333333333333195e-01
1.813333333333333464e-01
1.803333333333333455e-01
1.776666666666666672e-01
1.759999999999999898e-01
1.746666666666666645e-01
1.726666666666666627e-01
1.700000000000000122e-01
1.690000000000000113e-01
1.676666666666666583e-01
1.660000000000000087e-01
1.653333333333333321e-01
1.636666666666666548e-01
1.623333333333333295e-01
1.600000000000000033e-01
1.586666666666666781e-01
1.576666666666666772e-01
1.563333333333333242e-01
1.549999999999999989e-01
1.543333333333333224e-01
1.539999999999999980e-01
1.533333333333333215e-01
1.523333333333333206e-01
1.519999999999999962e-01
1.513333333333333197e-01
1.499999999999999944e-01
1.479999999999999927e-01
1.466666666666666674e-01
1.466666666666666674e-01
1.463333333333333430e-01
1.449999999999999900e-01
1.446666666666666656e-01
1.436666666666666647e-01
1.429999999999999882e-01
1.426666666666666639e-01
1.423333333333333395e-01
1.413333333333333386e-01
1.403333333333333377e-01
1.376666666666666594e-01
1.376666666666666594e-01
1.373333333333333350e-01
1.366666666666666585e-01
1.356666666666666576e-01
1.356666666666666576e-01
1.353333333333333333e-01
1.350000000000000089e-01
1.350000000000000089e-01
1.346666666666666567e-01
1.343333333333333324e-01
1.336666666666666559e-01
1.333333333333333315e-01
1.330000000000000071e-01
1.320000000000000062e-01
1.320000000000000062e-01
1.320000000000000062e-01
1.320000000000000062e-01
1.306666666666666532e-01
1.306666666666666532e-01
1.300000000000000044e-01
1.296666666666666801e-01
1.296666666666666801e-01
1.286666666666666792e-01
1.283333333333333270e-01
1.280000000000000027e-01
1.276666666666666783e-01
1.276666666666666783e-01
1.270000000000000018e-01
1.256666666666666765e-01
1.250000000000000000e-01
1.246666666666666617e-01
1.246666666666666617e-01
1.236666666666666609e-01
1.236666666666666609e-01
1.229999999999999982e-01
1.229999999999999982e-01
1.226666666666666600e-01
1.223333333333333356e-01
1.223333333333333356e-01
1.223333333333333356e-01
1.223333333333333356e-01
1.219999999999999973e-01
1.219999999999999973e-01
1.216666666666666730e-01
1.216666666666666730e-01
1.209999999999999964e-01
1.206666666666666721e-01
1.199999999999999956e-01
1.189999999999999947e-01
1.186666666666666703e-01
1.179999999999999938e-01
1.179999999999999938e-01
1.176666666666666694e-01
1.173333333333333311e-01
1.170000000000000068e-01
1.170000000000000068e-01
1.166666666666666685e-01
1.160000000000000059e-01
1.156666666666666676e-01
1.153333333333333294e-01
1.150000000000000050e-01
1.150000000000000050e-01
1.143333333333333285e-01
1.140000000000000041e-01
1.136666666666666659e-01
1.133333333333333276e-01
1.133333333333333276e-01
1.133333333333333276e-01
1.130000000000000032e-01
1.130000000000000032e-01
1.126666666666666650e-01
1.123333333333333267e-01
1.120000000000000023e-01
1.116666666666666641e-01
1.116666666666666641e-01
1.113333333333333397e-01
1.110000000000000014e-01
1.106666666666666632e-01
1.106666666666666632e-01
1.103333333333333388e-01
1.103333333333333388e-01
1.103333333333333388e-01
1.103333333333333388e-01
1.093333333333333379e-01
1.093333333333333379e-01
1.089999999999999997e-01
1.089999999999999997e-01
1.089999999999999997e-01
1.089999999999999997e-01
1.086666666666666614e-01
1.086666666666666614e-01
1.086666666666666614e-01
1.083333333333333370e-01
1.076666666666666605e-01
1.076666666666666605e-01
1.076666666666666605e-01
1.076666666666666605e-01
1.076666666666666605e-01
1.076666666666666605e-01
1.076666666666666605e-01
1.073333333333333361e-01
1.073333333333333361e-01
1.073333333333333361e-01
1.073333333333333361e-01
1.073333333333333361e-01
1.073333333333333361e-01
1.069999999999999979e-01
1.069999999999999979e-01
1.069999999999999979e-01
1.069999999999999979e-01
1.069999999999999979e-01
1.069999999999999979e-01
1.069999999999999979e-01
1.066666666666666735e-01
1.066666666666666735e-01
1.063333333333333353e-01
1.063333333333333353e-01
1.063333333333333353e-01
1.056666666666666726e-01
1.053333333333333344e-01
1.053333333333333344e-01
1.049999999999999961e-01
1.049999999999999961e-01
1.046666666666666717e-01
1.046666666666666717e-01
1.046666666666666717e-01
1.046666666666666717e-01
1.043333333333333335e-01
1.039999999999999952e-01
1.036666666666666708e-01
1.029999999999999943e-01
1.029999999999999943e-01
1.023333333333333317e-01
1.016666666666666691e-01
1.016666666666666691e-01
1.016666666666666691e-01
1.016666666666666691e-01
1.016666666666666691e-01
1.016666666666666691e-01
1.016666666666666691e-01
1.016666666666666691e-01
1.010000000000000064e-01
1.010000000000000064e-01
1.010000000000000064e-01
1.003333333333333299e-01
1.003333333333333299e-01
1.003333333333333299e-01
1.000000000000000056e-01
9.966666666666666730e-02
9.966666666666666730e-02
9.966666666666666730e-02
9.966666666666666730e-02
9.966666666666666730e-02
9.966666666666666730e-02
9.966666666666666730e-02
9.900000000000000466e-02
9.900000000000000466e-02
9.900000000000000466e-02
9.900000000000000466e-02
9.900000000000000466e-02
9.900000000000000466e-02
9.900000000000000466e-02
9.866666666666666641e-02
9.833333333333332815e-02
9.833333333333332815e-02
9.833333333333332815e-02
9.800000000000000377e-02
9.800000000000000377e-02
9.800000000000000377e-02
9.766666666666666552e-02
9.766666666666666552e-02
9.700000000000000289e-02
9.666666666666666463e-02
9.666666666666666463e-02
9.666666666666666463e-02
9.666666666666666463e-02
9.666666666666666463e-02
9.666666666666666463e-02
9.633333333333334025e-02
9.633333333333334025e-02
9.566666666666666374e-02
9.533333333333333937e-02
9.533333333333333937e-02
9.533333333333333937e-02
9.533333333333333937e-02
9.533333333333333937e-02
9.500000000000000111e-02
9.466666666666666285e-02
9.466666666666666285e-02
9.466666666666666285e-02
9.433333333333333848e-02
9.400000000000000022e-02
9.366666666666666197e-02
9.333333333333333759e-02
9.333333333333333759e-02
9.333333333333333759e-02
9.333333333333333759e-02
9.299999999999999933e-02
9.299999999999999933e-02
9.299999999999999933e-02
9.299999999999999933e-02
9.233333333333333670e-02
9.199999999999999845e-02
9.166666666666666019e-02
9.166666666666666019e-02
9.133333333333333581e-02
9.133333333333333581e-02
9.133333333333333581e-02
9.133333333333333581e-02
9.133333333333333581e-02
9.133333333333333581e-02
9.133333333333333581e-02
9.099999999999999756e-02
9.099999999999999756e-02
9.066666666666667318e-02
9.066666666666667318e-02
9.033333333333333492e-02
9.033333333333333492e-02
9.033333333333333492e-02
8.999999999999999667e-02
8.999999999999999667e-02
8.966666666666667229e-02
8.966666666666667229e-02
8.966666666666667229e-02
8.966666666666667229e-02
8.933333333333333404e-02
8.933333333333333404e-02
8.866666666666667140e-02
8.833333333333333315e-02
8.799999999999999489e-02
8.766666666666667052e-02
8.733333333333333226e-02
8.733333333333333226e-02
8.733333333333333226e-02
8.733333333333333226e-02
8.733333333333333226e-02
8.733333333333333226e-02
8.733333333333333226e-02
8.699999999999999400e-02
8.699999999999999400e-02
8.633333333333333137e-02
8.599999999999999312e-02
8.566666666666666874e-02
8.566666666666666874e-02
8.533333333333333048e-02
8.533333333333333048e-02
8.533333333333333048e-02
8.533333333333333048e-02
8.500000000000000611e-02
8.466666666666666785e-02
8.466666666666666785e-02
8.433333333333332960e-02
8.433333333333332960e-02
8.400000000000000522e-02
8.400000000000000522e-02
8.400000000000000522e-02
8.400000000000000522e-02
8.366666666666666696e-02
8.366666666666666696e-02
8.333333333333332871e-02
8.333333333333332871e-02
8.333333333333332871e-02
8.300000000000000433e-02
8.266666666666666607e-02
8.233333333333332782e-02
8.233333333333332782e-02
8.233333333333332782e-02
8.200000000000000344e-02
8.200000000000000344e-02
8.166666666666666519e-02
8.133333333333332693e-02
8.100000000000000255e-02
8.100000000000000255e-02
8.100000000000000255e-02
8.100000000000000255e-02
8.100000000000000255e-02
8.100000000000000255e-02
8.066666666666666430e-02
8.066666666666666430e-02
8.066666666666666430e-02
8.066666666666666430e-02
8.066666666666666430e-02
8.066666666666666430e-02
8.066666666666666430e-02
8.066666666666666430e-02
8.066666666666666430e-02
8.066666666666666430e-02
8.066666666666666430e-02
8.033333333333333992e-02
8.000000000000000167e-02
8.000000000000000167e-02
8.000000000000000167e-02
8.000000000000000167e-02
8.000000000000000167e-02
7.966666666666666341e-02
7.933333333333333903e-02
7.900000000000000078e-02
7.900000000000000078e-02
7.866666666666666252e-02
7.866666666666666252e-02
7.866666666666666252e-02
7.866666666666666252e-02
7.866666666666666252e-02
7.866666666666666252e-02
7.866666666666666252e-02
7.866666666666666252e-02
7.833333333333333814e-02
7.833333333333333814e-02
7.799999999999999989e-02
7.766666666666666163e-02
7.766666666666666163e-02
7.766666666666666163e-02
7.766666666666666163e-02
7.766666666666666163e-02
7.766666666666666163e-02
7.766666666666666163e-02
7.733333333333333726e-02
7.699999999999999900e-02
7.699999999999999900e-02
7.699999999999999900e-02
7.699999999999999900e-02
7.699999999999999900e-02
7.699999999999999900e-02
7.666666666666666075e-02
7.666666666666666075e-02
7.666666666666666075e-02
7.666666666666666075e-02
7.666666666666666075e-02
7.666666666666666075e-02
7.666666666666666075e-02
7.666666666666666075e-02
7.666666666666666075e-02
7.666666666666666075e-02
7.633333333333333637e-02
7.566666666666665986e-02
7.566666666666665986e-02
7.566666666666665986e-02
7.533333333333333548e-02
7.533333333333333548e-02
7.533333333333333548e-02
7.533333333333333548e-02
7.533333333333333548e-02
7.533333333333333548e-02
7.533333333333333548e-02
7.533333333333333548e-02
7.533333333333333548e-02
7.533333333333333548e-02
7.533333333333333548e-02
7.533333333333333548e-02
7.533333333333333548e-02
7.533333333333333548e-02
7.533333333333333548e-02
7.533333333333333548e-02
7.533333333333333548e-02
7.533333333333333548e-02
7.499999999999999722e-02
7.499999999999999722e-02
7.499999999999999722e-02
7.433333333333333459e-02
7.433333333333333459e-02
7.433333333333333459e-02
7.433333333333333459e-02
7.433333333333333459e-02
7.433333333333333459e-02
7.433333333333333459e-02
7.433333333333333459e-02
7.399999999999999634e-02
7.399999999999999634e-02
7.399999999999999634e-02
7.399999999999999634e-02
7.399999999999999634e-02
7.399999999999999634e-02
7.399999999999999634e-02
7.366666666666667196e-02
7.366666666666667196e-02
7.333333333333333370e-02
7.333333333333333370e-02
7.299999999999999545e-02
7.299999999999999545e-02
7.266666666666667107e-02
7.266666666666667107e-02
7.266666666666667107e-02
7.233333333333333282e-02
7.199999999999999456e-02
7.199999999999999456e-02
7.199999999999999456e-02
7.166666666666667018e-02
7.133333333333333193e-02
7.099999999999999367e-02
7.099999999999999367e-02
7.033333333333333104e-02
7.033333333333333104e-02
7.033333333333333104e-02
7.033333333333333104e-02
7.000000000000000666e-02
7.000000000000000666e-02
7.000000000000000666e-02
7.000000000000000666e-02
7.000000000000000666e-02
6.966666666666666841e-02
6.966666666666666841e-02
6.966666666666666841e-02
6.966666666666666841e-02
6.933333333333333015e-02
6.933333333333333015e-02
6.933333333333333015e-02
6.933333333333333015e-02
6.933333333333333015e-02
6.900000000000000577e-02
6.866666666666666752e-02
6.833333333333332926e-02
6.833333333333332926e-02
6.833333333333332926e-02
6.833333333333332926e-02
6.833333333333332926e-02
6.833333333333332926e-02
6.833333333333332926e-02
6.833333333333332926e-02
6.800000000000000488e-02
6.800000000000000488e-02
6.800000000000000488e-02
6.800000000000000488e-02
6.800000000000000488e-02
6.800000000000000488e-02
6.800000000000000488e-02
6.800000000000000488e-02
6.800000000000000488e-02
6.800000000000000488e-02
6.800000000000000488e-02
6.800000000000000488e-02
6.800000000000000488e-02
6.766666666666666663e-02
6.766666666666666663e-02
6.766666666666666663e-02
6.766666666666666663e-02
6.766666666666666663e-02
6.766666666666666663e-02
6.766666666666666663e-02
6.766666666666666663e-02
6.766666666666666663e-02
6.766666666666666663e-02
6.766666666666666663e-02
6.733333333333332837e-02
6.733333333333332837e-02
6.733333333333332837e-02
6.733333333333332837e-02
6.733333333333332837e-02
6.733333333333332837e-02
6.733333333333332837e-02
6.733333333333332837e-02
6.733333333333332837e-02
6.700000000000000400e-02
6.700000000000000400e-02
6.700000000000000400e-02
6.700000000000000400e-02
6.700000000000000400e-02
6.700000000000000400e-02
6.700000000000000400e-02
6.700000000000000400e-02
6.700000000000000400e-02
6.700000000000000400e-02
6.700000000000000400e-02
6.700000000000000400e-02
6.666666666666666574e-02
6.666666666666666574e-02
6.633333333333332749e-02
6.633333333333332749e-02
6.633333333333332749e-02
6.633333333333332749e-02
6.633333333333332749e-02
6.633333333333332749e-02
6.633333333333332749e-02
6.633333333333332749e-02
6.633333333333332749e-02
6.633333333333332749e-02
6.633333333333332749e-02
6.633333333333332749e-02
6.633333333333332749e-02
6.600000000000000311e-02
6.600000000000000311e-02
6.600000000000000311e-02
6.566666666666666485e-02
6.533333333333332660e-02
6.533333333333332660e-02
6.500000000000000222e-02
6.466666666666666397e-02
6.466666666666666397e-02
6.466666666666666397e-02
6.466666666666666397e-02
6.466666666666666397e-02
6.433333333333333959e-02
6.400000000000000133e-02
6.400000000000000133e-02
6.400000000000000133e-02
6.400000000000000133e-02
6.400000000000000133e-02
6.400000000000000133e-02
6.400000000000000133e-02
6.400000000000000133e-02
6.400000000000000133e-02
6.400000000000000133e-02
6.400000000000000133e-02
6.400000000000000133e-02
6.400000000000000133e-02
6.400000000000000133e-02
6.400000000000000133e-02
6.400000000000000133e-02
6.400000000000000133e-02
6.366666666666666308e-02
6.366666666666666308e-02
6.366666666666666308e-02
6.366666666666666308e-02
6.300000000000000044e-02
6.300000000000000044e-02
6.300000000000000044e-02
6.300000000000000044e-02
6.300000000000000044e-02
6.300000000000000044e-02
6.300000000000000044e-02
6.300000000000000044e-02
6.300000000000000044e-02
6.300000000000000044e-02
6.300000000000000044e-02
6.300000000000000044e-02
6.300000000000000044e-02
6.300000000000000044e-02
6.300000000000000044e-02
6.300000000000000044e-02
6.300000000000000044e-02
6.300000000000000044e-02
6.300000000000000044e-02
6.266666666666666219e-02
6.266666666666666219e-02
6.266666666666666219e-02
6.266666666666666219e-02
6.266666666666666219e-02
6.266666666666666219e-02
6.266666666666666219e-02
6.266666666666666219e-02
6.266666666666666219e-02
6.266666666666666219e-02
6.266666666666666219e-02
6.233333333333333087e-02
6.233333333333333087e-02
6.233333333333333087e-02
6.233333333333333087e-02
6.233333333333333087e-02
6.233333333333333087e-02
6.199999999999999956e-02
6.199999999999999956e-02
6.199999999999999956e-02
6.199999999999999956e-02
6.199999999999999956e-02
6.166666666666666824e-02
6.166666666666666824e-02
6.166666666666666824e-02
6.166666666666666824e-02
6.166666666666666824e-02
6.166666666666666824e-02
6.166666666666666824e-02
6.166666666666666824e-02
6.166666666666666824e-02
6.166666666666666824e-02
6.166666666666666824e-02
6.166666666666666824e-02
6.166666666666666824e-02
6.166666666666666824e-02
6.133333333333332998e-02
6.133333333333332998e-02
6.133333333333332998e-02
6.133333333333332998e-02
6.099999999999999867e-02
6.099999999999999867e-02
6.099999999999999867e-02
6.099999999999999867e-02
6.099999999999999867e-02
6.099999999999999867e-02
6.099999999999999867e-02
6.099999999999999867e-02
6.099999999999999867e-02
6.099999999999999867e-02
6.099999999999999867e-02
6.099999999999999867e-02
6.099999999999999867e-02
6.099999999999999867e-02
6.099999999999999867e-02
6.099999999999999867e-02
6.099999999999999867e-02
6.099999999999999867e-02
6.099999999999999867e-02
6.099999999999999867e-02
6.099999999999999867e-02
6.099999999999999867e-02
6.099999999999999867e-02
6.099999999999999867e-02
6.099999999999999867e-02
6.099999999999999867e-02
6.099999999999999867e-02
6.099999999999999867e-02
6.099999999999999867e-02
6.099999999999999867e-02
6.099999999999999867e-02
6.099999999999999867e-02
6.099999999999999867e-02
6.099999999999999867e-02
6.099999999999999867e-02
6.099999999999999867e-02
6.099999999999999867e-02
6.099999999999999867e-02
6.099999999999999867e-02
6.099999999999999867e-02
6.099999999999999867e-02
6.099999999999999867e-02
6.099999999999999867e-02
6.066666666666666735e-02
6.066666666666666735e-02
6.066666666666666735e-02
6.066666666666666735e-02
6.033333333333333603e-02
6.033333333333333603e-02
6.033333333333333603e-02
6.033333333333333603e-02
5.999999999999999778e-02
5.999999999999999778e-02
5.999999999999999778e-02
5.999999999999999778e-02
5.999999999999999778e-02
5.999999999999999778e-02
5.999999999999999778e-02
5.999999999999999778e-02
5.999999999999999778e-02
5.999999999999999778e-02
5.999999999999999778e-02
5.999999999999999778e-02
5.966666666666666646e-02
5.966666666666666646e-02
5.966666666666666646e-02
5.966666666666666646e-02
5.966666666666666646e-02
5.966666666666666646e-02
5.966666666666666646e-02
5.966666666666666646e-02
5.966666666666666646e-02
5.966666666666666646e-02
5.966666666666666646e-02
5.966666666666666646e-02
5.966666666666666646e-02
5.933333333333333515e-02
5.933333333333333515e-02
5.899999999999999689e-02
5.899999999999999689e-02
5.833333333333333426e-02
5.833333333333333426e-02
5.833333333333333426e-02
5.833333333333333426e-02
5.833333333333333426e-02
5.833333333333333426e-02
5.833333333333333426e-02
5.833333333333333426e-02
5.833333333333333426e-02
5.833333333333333426e-02
5.833333333333333426e-02
5.833333333333333426e-02
5.833333333333333426e-02
5.833333333333333426e-02
5.833333333333333426e-02
5.833333333333333426e-02
5.833333333333333426e-02
5.833333333333333426e-02
5.833333333333333426e-02
5.833333333333333426e-02
5.800000000000000294e-02
5.800000000000000294e-02
5.766666666666666469e-02
5.766666666666666469e-02
5.766666666666666469e-02
5.766666666666666469e-02
5.733333333333333337e-02
5.733333333333333337e-02
5.733333333333333337e-02
5.733333333333333337e-02
5.733333333333333337e-02
5.733333333333333337e-02
5.666666666666666380e-02
5.666666666666666380e-02
5.666666666666666380e-02
5.666666666666666380e-02
5.666666666666666380e-02
5.666666666666666380e-02
5.666666666666666380e-02
5.633333333333333248e-02
5.633333333333333248e-02
5.600000000000000117e-02
5.600000000000000117e-02
5.600000000000000117e-02
5.600000000000000117e-02
5.600000000000000117e-02
5.566666666666666985e-02
5.566666666666666985e-02
5.566666666666666985e-02
5.566666666666666985e-02
5.533333333333333159e-02
5.533333333333333159e-02
5.533333333333333159e-02
5.533333333333333159e-02
5.533333333333333159e-02
5.533333333333333159e-02
5.533333333333333159e-02
5.533333333333333159e-02
5.533333333333333159e-02
5.533333333333333159e-02
5.533333333333333159e-02
5.500000000000000028e-02
5.500000000000000028e-02
5.500000000000000028e-02
5.500000000000000028e-02
5.500000000000000028e-02
5.500000000000000028e-02
5.466666666666666896e-02
5.466666666666666896e-02
5.466666666666666896e-02
5.466666666666666896e-02
5.466666666666666896e-02
5.466666666666666896e-02
5.466666666666666896e-02
5.466666666666666896e-02
5.433333333333333071e-02
5.433333333333333071e-02
5.433333333333333071e-02
5.433333333333333071e-02
5.399999999999999939e-02
5.399999999999999939e-02
5.399999999999999939e-02
5.399999999999999939e-02
5.366666666666666807e-02
5.366666666666666807e-02
5.366666666666666807e-02
5.333333333333333676e-02
5.333333333333333676e-02
5.333333333333333676e-02
5.333333333333333676e-02
5.333333333333333676e-02
5.333333333333333676e-02
5.333333333333333676e-02
5.333333333333333676e-02
5.299999999999999850e-02
5.299999999999999850e-02
5.299999999999999850e-02
5.299999999999999850e-02
5.299999999999999850e-02
5.299999999999999850e-02
5.299999999999999850e-02
5.299999999999999850e-02
5.299999999999999850e-02
5.266666666666666718e-02
5.266666666666666718e-02
5.266666666666666718e-02
5.266666666666666718e-02
5.266666666666666718e-02
5.266666666666666718e-02
5.266666666666666718e-02
5.266666666666666718e-02
5.266666666666666718e-02
5.266666666666666718e-02
5.266666666666666718e-02
5.266666666666666718e-02
5.266666666666666718e-02
5.266666666666666718e-02
5.266666666666666718e-02
5.266666666666666718e-02
5.266666666666666718e-02
5.266666666666666718e-02
5.266666666666666718e-02
5.266666666666666718e-02
5.266666666666666718e-02
5.266666666666666718e-02
5.266666666666666718e-02
5.233333333333333587e-02
5.233333333333333587e-02
5.233333333333333587e-02
5.233333333333333587e-02
5.233333333333333587e-02
5.233333333333333587e-02
5.199999999999999761e-02
5.199999999999999761e-02
5.199999999999999761e-02
5.166666666666666630e-02
5.166666666666666630e-02
5.166666666666666630e-02
5.166666666666666630e-02
5.166666666666666630e-02
5.166666666666666630e-02
5.166666666666666630e-02
5.166666666666666630e-02
5.166666666666666630e-02
5.166666666666666630e-02
5.166666666666666630e-02
5.166666666666666630e-02
5.166666666666666630e-02
5.166666666666666630e-02
5.166666666666666630e-02
5.166666666666666630e-02
5.166666666666666630e-02
5.166666666666666630e-02
5.166666666666666630e-02
5.166666666666666630e-02
5.166666666666666630e-02
5.133333333333333498e-02
5.133333333333333498e-02
5.133333333333333498e-02
5.133333333333333498e-02
5.133333333333333498e-02
5.133333333333333498e-02
5.133333333333333498e-02
5.133333333333333498e-02
5.133333333333333498e-02
5.133333333333333498e-02
5.133333333333333498e-02
5.133333333333333498e-02
5.133333333333333498e-02
5.133333333333333498e-02
5.133333333333333498e-02
5.133333333333333498e-02
5.133333333333333498e-02
5.133333333333333498e-02
5.133333333333333498e-02
5.099999999999999672e-02
5.099999999999999672e-02
5.099999999999999672e-02
5.099999999999999672e-02
5.099999999999999672e-02
5.099999999999999672e-02
5.099999999999999672e-02
5.066666666666666541e-02
5.066666666666666541e-02
5.066666666666666541e-02
5.066666666666666541e-02
5.066666666666666541e-02
5.066666666666666541e-02
5.066666666666666541e-02
5.066666666666666541e-02
5.066666666666666541e-02
5.066666666666666541e-02
5.066666666666666541e-02
5.066666666666666541e-02
5.066666666666666541e-02
5.066666666666666541e-02
5.066666666666666541e-02
5.033333333333333409e-02
5.033333333333333409e-02
5.033333333333333409e-02
5.033333333333333409e-02
5.033333333333333409e-02
5.000000000000000278e-02
5.000000000000000278e-02
5.000000000000000278e-02
5.000000000000000278e-02
5.000000000000000278e-02
5.000000000000000278e-02
5.000000000000000278e-02
5.000000000000000278e-02
5.000000000000000278e-02
5.000000000000000278e-02
4.966666666666666452e-02
4.966666666666666452e-02
4.966666666666666452e-02
4.966666666666666452e-02
4.933333333333333320e-02
4.933333333333333320e-02
4.900000000000000189e-02
4.900000000000000189e-02
4.900000000000000189e-02
4.900000000000000189e-02
4.900000000000000189e-02
4.900000000000000189e-02
4.900000000000000189e-02
4.900000000000000189e-02
4.900000000000000189e-02
4.866666666666666363e-02
4.866666666666666363e-02
4.866666666666666363e-02
4.866666666666666363e-02
4.866666666666666363e-02
4.866666666666666363e-02
4.866666666666666363e-02
4.866666666666666363e-02
4.866666666666666363e-02
4.866666666666666363e-02
4.866666666666666363e-02
4.866666666666666363e-02
4.866666666666666363e-02
4.866666666666666363e-02
4.866666666666666363e-02
4.866666666666666363e-02
4.866666666666666363e-02
4.833333333333333232e-02
4.833333333333333232e-02
4.833333333333333232e-02
4.833333333333333232e-02
4.833333333333333232e-02
4.833333333333333232e-02
4.833333333333333232e-02
4.833333333333333232e-02
4.833333333333333232e-02
4.833333333333333232e-02
4.833333333333333232e-02
4.833333333333333232e-02
4.833333333333333232e-02
4.833333333333333232e-02
4.833333333333333232e-02
4.833333333333333232e-02
4.833333333333333232e-02
4.833333333333333232e-02
4.800000000000000100e-02
4.800000000000000100e-02
4.800000000000000100e-02
4.766666666666666968e-02
4.766666666666666968e-02
4.766666666666666968e-02
4.766666666666666968e-02
4.766666666666666968e-02
4.766666666666666968e-02
4.766666666666666968e-02
4.766666666666666968e-02
4.766666666666666968e-02
4.766666666666666968e-02
4.766666666666666968e-02
4.766666666666666968e-02
4.766666666666666968e-02
4.766666666666666968e-02
4.766666666666666968e-02
4.766666666666666968e-02
4.766666666666666968e-02
4.766666666666666968e-02
4.766666666666666968e-02
4.766666666666666968e-02
4.766666666666666968e-02
4.766666666666666968e-02
4.766666666666666968e-02
4.766666666666666968e-02
4.766666666666666968e-02
4.766666666666666968e-02
4.766666666666666968e-02
4.766666666666666968e-02
4.766666666666666968e-02
4.766666666666666968e-02
4.766666666666666968e-02
4.766666666666666968e-02
4.766666666666666968e-02
4.766666666666666968e-02
4.766666666666666968e-02
4.766666666666666968e-02
4.766666666666666968e-02
4.766666666666666968e-02
4.733333333333333143e-02
4.733333333333333143e-02
4.733333333333333143e-02
4.733333333333333143e-02
4.733333333333333143e-02
4.733333333333333143e-02
4.733333333333333143e-02
4.733333333333333143e-02
4.733333333333333143e-02
4.733333333333333143e-02
4.733333333333333143e-02
4.733333333333333143e-02
4.733333333333333143e-02
4.733333333333333143e-02
4.733333333333333143e-02
4.733333333333333143e-02
4.733333333333333143e-02
4.733333333333333143e-02
4.733333333333333143e-02
4.733333333333333143e-02
4.733333333333333143e-02
4.733333333333333143e-02
4.733333333333333143e-02
4.733333333333333143e-02
4.733333333333333143e-02
4.733333333333333143e-02
4.733333333333333143e-02
4.733333333333333143e-02
4.733333333333333143e-02
4.733333333333333143e-02
4.733333333333333143e-02
4.733333333333333143e-02
4.733333333333333143e-02
4.733333333333333143e-02
4.733333333333333143e-02
4.733333333333333143e-02
4.700000000000000011e-02
4.700000000000000011e-02
4.700000000000000011e-02
4.700000000000000011e-02
4.700000000000000011e-02
4.700000000000000011e-02
4.700000000000000011e-02
4.700000000000000011e-02
4.700000000000000011e-02
4.700000000000000011e-02
4.700000000000000011e-02
4.700000000000000011e-02
4.700000000000000011e-02
4.700000000000000011e-02
4.700000000000000011e-02
4.700000000000000011e-02
4.700000000000000011e-02
4.700000000000000011e-02
4.700000000000000011e-02
4.700000000000000011e-02
4.700000000000000011e-02
4.700000000000000011e-02
4.700000000000000011e-02
4.700000000000000011e-02
4.700000000000000011e-02
4.700000000000000011e-02
4.666666666666666879e-02
4.666666666666666879e-02
4.666666666666666879e-02
4.666666666666666879e-02
4.666666666666666879e-02
4.666666666666666879e-02
4.666666666666666879e-02
4.666666666666666879e-02
4.666666666666666879e-02
4.666666666666666879e-02
4.666666666666666879e-02
4.666666666666666879e-02
4.666666666666666879e-02
4.633333333333333054e-02
4.633333333333333054e-02
4.599999999999999922e-02
4.599999999999999922e-02
4.599999999999999922e-02
4.599999999999999922e-02
4.599999999999999922e-02
4.599999999999999922e-02
4.599999999999999922e-02
4.599999999999999922e-02
4.599999999999999922e-02
4.599999999999999922e-02
4.599999999999999922e-02
4.566666666666666791e-02
4.566666666666666791e-02
4.566666666666666791e-02
4.566666666666666791e-02
4.566666666666666791e-02
4.566666666666666791e-02
4.533333333333333659e-02
4.533333333333333659e-02
4.533333333333333659e-02
4.533333333333333659e-02
4.533333333333333659e-02
4.533333333333333659e-02
4.533333333333333659e-02
4.533333333333333659e-02
4.499999999999999833e-02
4.499999999999999833e-02
4.499999999999999833e-02
4.499999999999999833e-02
4.499999999999999833e-02
4.499999999999999833e-02
4.499999999999999833e-02
4.499999999999999833e-02
4.499999999999999833e-02
4.499999999999999833e-02
4.499999999999999833e-02
4.499999999999999833e-02
4.499999999999999833e-02
4.499999999999999833e-02
4.499999999999999833e-02
4.499999999999999833e-02
4.499999999999999833e-02
4.466666666666666702e-02
4.466666666666666702e-02
4.466666666666666702e-02
4.466666666666666702e-02
4.466666666666666702e-02
4.466666666666666702e-02
4.466666666666666702e-02
4.466666666666666702e-02
4.466666666666666702e-02
4.466666666666666702e-02
4.466666666666666702e-02
4.466666666666666702e-02
4.466666666666666702e-02
4.433333333333333570e-02
4.399999999999999745e-02
4.399999999999999745e-02
4.399999999999999745e-02
4.399999999999999745e-02
4.399999999999999745e-02
4.399999999999999745e-02
4.399999999999999745e-02
4.399999999999999745e-02
4.399999999999999745e-02
4.399999999999999745e-02
4.399999999999999745e-02
4.366666666666666613e-02
4.366666666666666613e-02
4.366666666666666613e-02
4.366666666666666613e-02
4.366666666666666613e-02
4.333333333333333481e-02
4.333333333333333481e-02
4.333333333333333481e-02
4.333333333333333481e-02
4.333333333333333481e-02
4.333333333333333481e-02
4.333333333333333481e-02
4.333333333333333481e-02
4.333333333333333481e-02
4.333333333333333481e-02
4.333333333333333481e-02
4.333333333333333481e-02
4.333333333333333481e-02
4.333333333333333481e-02
4.333333333333333481e-02
4.333333333333333481e-02
4.333333333333333481e-02
4.333333333333333481e-02
4.333333333333333481e-02
4.333333333333333481e-02
4.333333333333333481e-02
4.333333333333333481e-02
4.333333333333333481e-02
4.333333333333333481e-02
4.333333333333333481e-02
4.299999999999999656e-02
4.299999999999999656e-02
4.299999999999999656e-02
4.299999999999999656e-02
4.299999999999999656e-02
4.299999999999999656e-02
4.299999999999999656e-02
4.299999999999999656e-02
4.299999999999999656e-02
4.299999999999999656e-02
4.299999999999999656e-02
4.299999999999999656e-02
4.299999999999999656e-02
4.299999999999999656e-02
4.266666666666666524e-02
4.266666666666666524e-02
4.266666666666666524e-02
4.266666666666666524e-02
4.266666666666666524e-02
4.266666666666666524e-02
4.266666666666666524e-02
4.266666666666666524e-02
4.266666666666666524e-02
4.266666666666666524e-02
4.266666666666666524e-02
4.266666666666666524e-02
4.266666666666666524e-02
4.266666666666666524e-02
4.266666666666666524e-02
4.266666666666666524e-02
4.266666666666666524e-02
4.266666666666666524e-02
4.266666666666666524e-02
4.266666666666666524e-02
4.266666666666666524e-02
4.266666666666666524e-02
4.266666666666666524e-02
4.266666666666666524e-02
4.266666666666666524e-02
4.266666666666666524e-02
4.266666666666666524e-02
4.266666666666666524e-02
4.266666666666666524e-02
4.266666666666666524e-02
4.266666666666666524e-02
4.266666666666666524e-02
4.266666666666666524e-02
4.266666666666666524e-02
4.266666666666666524e-02
4.266666666666666524e-02
4.266666666666666524e-02
4.266666666666666524e-02
4.266666666666666524e-02
4.266666666666666524e-02
4.266666666666666524e-02
4.266666666666666524e-02
4.266666666666666524e-02
4.266666666666666524e-02
4.266666666666666524e-02
4.266666666666666524e-02
4.266666666666666524e-02
4.266666666666666524e-02
4.266666666666666524e-02
4.266666666666666524e-02
4.266666666666666524e-02
4.266666666666666524e-02
4.266666666666666524e-02
4.266666666666666524e-02
4.266666666666666524e-02
4.266666666666666524e-02
4.266666666666666524e-02
4.266666666666666524e-02
4.266666666666666524e-02
4.266666666666666524e-02
4.266666666666666524e-02
4.266666666666666524e-02
4.266666666666666524e-02
4.266666666666666524e-02
4.266666666666666524e-02
4.266666666666666524e-02
4.266666666666666524e-02
4.266666666666666524e-02
4.266666666666666524e-02
4.266666666666666524e-02
4.266666666666666524e-02
4.266666666666666524e-02
4.266666666666666524e-02
4.266666666666666524e-02
4.266666666666666524e-02
4.266666666666666524e-02
4.266666666666666524e-02
4.266666666666666524e-02
4.266666666666666524e-02
4.266666666666666524e-02
4.266666666666666524e-02
4.266666666666666524e-02
4.266666666666666524e-02
4.266666666666666524e-02
4.266666666666666524e-02
4.266666666666666524e-02
4.266666666666666524e-02
4.266666666666666524e-02
4.266666666666666524e-02
4.266666666666666524e-02
4.266666666666666524e-02
4.266666666666666524e-02
4.266666666666666524e-02
4.266666666666666524e-02
4.266666666666666524e-02
4.266666666666666524e-02
4.266666666666666524e-02
4.266666666666666524e-02
4.266666666666666524e-02
4.266666666666666524e-02
4.266666666666666524e-02
4.266666666666666524e-02
4.266666666666666524e-02
4.266666666666666524e-02
4.266666666666666524e-02
4.266666666666666524e-02
4.266666666666666524e-02
4.266666666666666524e-02
4.266666666666666524e-02
4.233333333333333393e-02
4.233333333333333393e-02
4.233333333333333393e-02
4.233333333333333393e-02
4.233333333333333393e-02
4.233333333333333393e-02
4.233333333333333393e-02
4.233333333333333393e-02
4.233333333333333393e-02
4.233333333333333393e-02
4.233333333333333393e-02
4.233333333333333393e-02
4.233333333333333393e-02
4.233333333333333393e-02
4.233333333333333393e-02
4.233333333333333393e-02
4.233333333333333393e-02
4.233333333333333393e-02
4.233333333333333393e-02
4.233333333333333393e-02
4.233333333333333393e-02
4.233333333333333393e-02
4.233333333333333393e-02
4.233333333333333393e-02
4.233333333333333393e-02
4.233333333333333393e-02
4.233333333333333393e-02
4.233333333333333393e-02
4.200000000000000261e-02
4.200000000000000261e-02
4.200000000000000261e-02
4.200000000000000261e-02
4.200000000000000261e-02
4.200000000000000261e-02
4.200000000000000261e-02
4.200000000000000261e-02
4.200000000000000261e-02
4.200000000000000261e-02
4.200000000000000261e-02
4.200000000000000261e-02
4.166666666666666435e-02
4.166666666666666435e-02
4.166666666666666435e-02
4.166666666666666435e-02
4.166666666666666435e-02
4.166666666666666435e-02
4.166666666666666435e-02
4.166666666666666435e-02
4.166666666666666435e-02
4.166666666666666435e-02
4.166666666666666435e-02
4.166666666666666435e-02
4.166666666666666435e-02
4.166666666666666435e-02
4.166666666666666435e-02
4.166666666666666435e-02
4.166666666666666435e-02
4.166666666666666435e-02
4.166666666666666435e-02
4.166666666666666435e-02
4.166666666666666435e-02
4.166666666666666435e-02
4.166666666666666435e-02
4.166666666666666435e-02
4.166666666666666435e-02
4.166666666666666435e-02
4.166666666666666435e-02
4.166666666666666435e-02
4.166666666666666435e-02
4.166666666666666435e-02
4.166666666666666435e-02
4.166666666666666435e-02
4.166666666666666435e-02
4.166666666666666435e-02
4.166666666666666435e-02
4.166666666666666435e-02
4.166666666666666435e-02
4.166666666666666435e-02
4.166666666666666435e-02
4.166666666666666435e-02
4.166666666666666435e-02
4.166666666666666435e-02
4.166666666666666435e-02
4.166666666666666435e-02
4.166666666666666435e-02
4.166666666666666435e-02
4.166666666666666435e-02
4.166666666666666435e-02
4.166666666666666435e-02
4.166666666666666435e-02
4.166666666666666435e-02
4.166666666666666435e-02
4.133333333333333304e-02
4.133333333333333304e-02
4.133333333333333304e-02
4.133333333333333304e-02
4.133333333333333304e-02
4.133333333333333304e-02
4.133333333333333304e-02
4.133333333333333304e-02
4.133333333333333304e-02
4.133333333333333304e-02
4.133333333333333304e-02
4.133333333333333304e-02
4.133333333333333304e-02
4.133333333333333304e-02
4.133333333333333304e-02
4.133333333333333304e-02
4.133333333333333304e-02
4.133333333333333304e-02
4.133333333333333304e-02
4.133333333333333304e-02
4.133333333333333304e-02
4.133333333333333304e-02
4.133333333333333304e-02
4.133333333333333304e-02
4.133333333333333304e-02
4.133333333333333304e-02
4.133333333333333304e-02
4.133333333333333304e-02
4.133333333333333304e-02
4.133333333333333304e-02
4.133333333333333304e-02
4.133333333333333304e-02
4.133333333333333304e-02
4.133333333333333304e-02
4.133333333333333304e-02
4.100000000000000172e-02
4.100000000000000172e-02
4.100000000000000172e-02
4.100000000000000172e-02
4.100000000000000172e-02
4.100000000000000172e-02
4.100000000000000172e-02
4.100000000000000172e-02
4.100000000000000172e-02
4.100000000000000172e-02
4.100000000000000172e-02
4.100000000000000172e-02
4.100000000000000172e-02
4.100000000000000172e-02
4.100000000000000172e-02
4.100000000000000172e-02
4.100000000000000172e-02
4.100000000000000172e-02
4.100000000000000172e-02
4.100000000000000172e-02
4.100000000000000172e-02
4.100000000000000172e-02
4.100000000000000172e-02
4.100000000000000172e-02
4.100000000000000172e-02
4.100000000000000172e-02
4.100000000000000172e-02
4.100000000000000172e-02
4.100000000000000172e-02
4.100000000000000172e-02
4.100000000000000172e-02
4.100000000000000172e-02
4.100000000000000172e-02
4.100000000000000172e-02
4.100000000000000172e-02
4.100000000000000172e-02
4.066666666666666347e-02
4.066666666666666347e-02
4.066666666666666347e-02
4.066666666666666347e-02
4.066666666666666347e-02
4.066666666666666347e-02
4.066666666666666347e-02
4.066666666666666347e-02
4.066666666666666347e-02
4.033333333333333215e-02
4.033333333333333215e-02
4.033333333333333215e-02
4.033333333333333215e-02
4.033333333333333215e-02
4.033333333333333215e-02
4.033333333333333215e-02
4.033333333333333215e-02
4.033333333333333215e-02
4.033333333333333215e-02
4.033333333333333215e-02
4.033333333333333215e-02
4.033333333333333215e-02
4.033333333333333215e-02
4.033333333333333215e-02
4.033333333333333215e-02
4.033333333333333215e-02
4.033333333333333215e-02
4.033333333333333215e-02
4.033333333333333215e-02
4.033333333333333215e-02
4.033333333333333215e-02
4.033333333333333215e-02
4.033333333333333215e-02
4.033333333333333215e-02
4.033333333333333215e-02
4.033333333333333215e-02
4.033333333333333215e-02
4.033333333333333215e-02
4.033333333333333215e-02
4.033333333333333215e-02
4.033333333333333215e-02
4.033333333333333215e-02
4.033333333333333215e-02
4.033333333333333215e-02
4.033333333333333215e-02
4.033333333333333215e-02
4.033333333333333215e-02
4.033333333333333215e-02
4.033333333333333215e-02
4.033333333333333215e-02
4.033333333333333215e-02
4.033333333333333215e-02
4.033333333333333215e-02
4.033333333333333215e-02
4.033333333333333215e-02
4.033333333333333215e-02
4.033333333333333215e-02
4.033333333333333215e-02
4.033333333333333215e-02
4.033333333333333215e-02
4.033333333333333215e-02
4.033333333333333215e-02
4.033333333333333215e-02
4.033333333333333215e-02
4.033333333333333215e-02
4.033333333333333215e-02
4.033333333333333215e-02
4.033333333333333215e-02
4.033333333333333215e-02
4.033333333333333215e-02
4.033333333333333215e-02
4.033333333333333215e-02
4.033333333333333215e-02
4.033333333333333215e-02
4.033333333333333215e-02
4.033333333333333215e-02
4.033333333333333215e-02
4.033333333333333215e-02
4.033333333333333215e-02
4.033333333333333215e-02
4.033333333333333215e-02
4.033333333333333215e-02
4.033333333333333215e-02
4.033333333333333215e-02
4.033333333333333215e-02
4.033333333333333215e-02
4.033333333333333215e-02
4.033333333333333215e-02
4.033333333333333215e-02
4.033333333333333215e-02
4.033333333333333215e-02
4.033333333333333215e-02
4.033333333333333215e-02
4.033333333333333215e-02
4.033333333333333215e-02
4.033333333333333215e-02
4.033333333333333215e-02
4.033333333333333215e-02
4.033333333333333215e-02
4.033333333333333215e-02
4.033333333333333215e-02
4.033333333333333215e-02
4.033333333333333215e-02
4.033333333333333215e-02
4.033333333333333215e-02
4.033333333333333215e-02
4.033333333333333215e-02
4.033333333333333215e-02
4.033333333333333215e-02
4.033333333333333215e-02
4.033333333333333215e-02
4.033333333333333215e-02
4.033333333333333215e-02
4.033333333333333215e-02
4.033333333333333215e-02
4.033333333333333215e-02
4.033333333333333215e-02
4.033333333333333215e-02
4.033333333333333215e-02
4.033333333333333215e-02
4.033333333333333215e-02
4.033333333333333215e-02
4.033333333333333215e-02
4.033333333333333215e-02
4.033333333333333215e-02
4.033333333333333215e-02
4.033333333333333215e-02
4.033333333333333215e-02
4.033333333333333215e-02
4.033333333333333215e-02
4.033333333333333215e-02
4.033333333333333215e-02
4.033333333333333215e-02
4.033333333333333215e-02
4.033333333333333215e-02
4.033333333333333215e-02
4.033333333333333215e-02
4.033333333333333215e-02
4.033333333333333215e-02
4.033333333333333215e-02
4.033333333333333215e-02
4.033333333333333215e-02
4.033333333333333215e-02
4.033333333333333215e-02
4.033333333333333215e-02
4.033333333333333215e-02
4.033333333333333215e-02
4.033333333333333215e-02
4.033333333333333215e-02
4.033333333333333215e-02
4.033333333333333215e-02
4.033333333333333215e-02
4.033333333333333215e-02
4.033333333333333215e-02
4.033333333333333215e-02
4.033333333333333215e-02
4.033333333333333215e-02
4.033333333333333215e-02
4.033333333333333215e-02
4.033333333333333215e-02
4.033333333333333215e-02
4.033333333333333215e-02
4.033333333333333215e-02
4.033333333333333215e-02
4.033333333333333215e-02
4.033333333333333215e-02
4.033333333333333215e-02
4.033333333333333215e-02
4.033333333333333215e-02
4.033333333333333215e-02
4.033333333333333215e-02
4.033333333333333215e-02
4.033333333333333215e-02
4.033333333333333215e-02
4.033333333333333215e-02
4.033333333333333215e-02
4.033333333333333215e-02
4.033333333333333215e-02
4.033333333333333215e-02
4.033333333333333215e-02
4.033333333333333215e-02
4.033333333333333215e-02
4.033333333333333215e-02
4.033333333333333215e-02
4.033333333333333215e-02
4.033333333333333215e-02
4.033333333333333215e-02
4.000000000000000083e-02
4.000000000000000083e-02
4.000000000000000083e-02
4.000000000000000083e-02
4.000000000000000083e-02
4.000000000000000083e-02
4.000000000000000083e-02
4.000000000000000083e-02
4.000000000000000083e-02
4.000000000000000083e-02
4.000000000000000083e-02
4.000000000000000083e-02
3.966666666666666952e-02
3.966666666666666952e-02
3.966666666666666952e-02
3.966666666666666952e-02
3.966666666666666952e-02
3.966666666666666952e-02
3.966666666666666952e-02
3.966666666666666952e-02
3.966666666666666952e-02
3.966666666666666952e-02
3.966666666666666952e-02
3.966666666666666952e-02
3.966666666666666952e-02
3.966666666666666952e-02
3.966666666666666952e-02
3.966666666666666952e-02
3.966666666666666952e-02
3.966666666666666952e-02
3.966666666666666952e-02
3.933333333333333126e-02
3.933333333333333126e-02
3.933333333333333126e-02
3.933333333333333126e-02
3.933333333333333126e-02
3.933333333333333126e-02
3.933333333333333126e-02
3.933333333333333126e-02
3.933333333333333126e-02
3.933333333333333126e-02
3.933333333333333126e-02
3.933333333333333126e-02
3.933333333333333126e-02
3.933333333333333126e-02
3.933333333333333126e-02
3.933333333333333126e-02
3.933333333333333126e-02
3.933333333333333126e-02
3.933333333333333126e-02
3.933333333333333126e-02
3.933333333333333126e-02
3.933333333333333126e-02
3.933333333333333126e-02
3.933333333333333126e-02
3.933333333333333126e-02
3.933333333333333126e-02
3.933333333333333126e-02
3.933333333333333126e-02
3.933333333333333126e-02
3.933333333333333126e-02
3.933333333333333126e-02
3.933333333333333126e-02
3.933333333333333126e-02
3.933333333333333126e-02
3.933333333333333126e-02
3.933333333333333126e-02
3.933333333333333126e-02
3.933333333333333126e-02
3.933333333333333126e-02
3.933333333333333126e-02
3.933333333333333126e-02
3.933333333333333126e-02
3.899999999999999994e-02
3.899999999999999994e-02
3.899999999999999994e-02
3.899999999999999994e-02
3.899999999999999994e-02
3.899999999999999994e-02
3.899999999999999994e-02
3.899999999999999994e-02
3.899999999999999994e-02
3.899999999999999994e-02
3.899999999999999994e-02
3.899999999999999994e-02
3.899999999999999994e-02
3.899999999999999994e-02
3.899999999999999994e-02
3.899999999999999994e-02
3.899999999999999994e-02
3.899999999999999994e-02
3.899999999999999994e-02
3.899999999999999994e-02
3.899999999999999994e-02
3.899999999999999994e-02
3.899999999999999994e-02
3.899999999999999994e-02
3.899999999999999994e-02
3.899999999999999994e-02
3.899999999999999994e-02
3.899999999999999994e-02
3.899999999999999994e-02
3.899999999999999994e-02
3.899999999999999994e-02
3.899999999999999994e-02
3.899999999999999994e-02
3.899999999999999994e-02
3.899999999999999994e-02
3.899999999999999994e-02
3.899999999999999994e-02
3.899999999999999994e-02
3.899999999999999994e-02
3.899999999999999994e-02
3.899999999999999994e-02
3.899999999999999994e-02
3.899999999999999994e-02
3.899999999999999994e-02
3.866666666666666863e-02
3.866666666666666863e-02
3.866666666666666863e-02
3.833333333333333037e-02
3.833333333333333037e-02
3.833333333333333037e-02
3.833333333333333037e-02
3.833333333333333037e-02
3.799999999999999906e-02
3.799999999999999906e-02
3.799999999999999906e-02
3.799999999999999906e-02
3.799999999999999906e-02
3.799999999999999906e-02
3.799999999999999906e-02
3.799999999999999906e-02
3.799999999999999906e-02
3.799999999999999906e-02
3.799999999999999906e-02
3.799999999999999906e-02
3.799999999999999906e-02
3.799999999999999906e-02
3.799999999999999906e-02
3.799999999999999906e-02
3.799999999999999906e-02
3.799999999999999906e-02
3.799999999999999906e-02
3.799999999999999906e-02
3.799999999999999906e-02
3.799999999999999906e-02
3.799999999999999906e-02
3.766666666666666774e-02
3.766666666666666774e-02
3.766666666666666774e-02
3.766666666666666774e-02
3.766666666666666774e-02
3.766666666666666774e-02
3.766666666666666774e-02
3.766666666666666774e-02
3.766666666666666774e-02
3.766666666666666774e-02
3.766666666666666774e-02
3.766666666666666774e-02
3.766666666666666774e-02
3.766666666666666774e-02
3.766666666666666774e-02
3.766666666666666774e-02
3.766666666666666774e-02
3.766666666666666774e-02
3.766666666666666774e-02
3.766666666666666774e-02
3.766666666666666774e-02
3.766666666666666774e-02
3.766666666666666774e-02
3.766666666666666774e-02
3.766666666666666774e-02
3.766666666666666774e-02
3.766666666666666774e-02
3.766666666666666774e-02
3.766666666666666774e-02
3.766666666666666774e-02
3.766666666666666774e-02
3.766666666666666774e-02
3.766666666666666774e-02
3.766666666666666774e-02
3.766666666666666774e-02
3.766666666666666774e-02
3.766666666666666774e-02
3.766666666666666774e-02
3.766666666666666774e-02
3.766666666666666774e-02
3.766666666666666774e-02
3.766666666666666774e-02
3.766666666666666774e-02
3.766666666666666774e-02
3.766666666666666774e-02
3.766666666666666774e-02
3.766666666666666774e-02
3.766666666666666774e-02
3.766666666666666774e-02
3.766666666666666774e-02
3.766666666666666774e-02
3.766666666666666774e-02
3.766666666666666774e-02
3.766666666666666774e-02
3.766666666666666774e-02
3.766666666666666774e-02
3.766666666666666774e-02
3.766666666666666774e-02
3.766666666666666774e-02
3.766666666666666774e-02
3.766666666666666774e-02
3.766666666666666774e-02
3.766666666666666774e-02
3.766666666666666774e-02
3.733333333333333642e-02
3.733333333333333642e-02
3.733333333333333642e-02
3.733333333333333642e-02
3.733333333333333642e-02
3.733333333333333642e-02
3.733333333333333642e-02
3.733333333333333642e-02
3.733333333333333642e-02
3.733333333333333642e-02
3.733333333333333642e-02
3.733333333333333642e-02
3.733333333333333642e-02
3.733333333333333642e-02
3.733333333333333642e-02
3.733333333333333642e-02
3.733333333333333642e-02
3.733333333333333642e-02
3.733333333333333642e-02
3.733333333333333642e-02
3.733333333333333642e-02
3.733333333333333642e-02
3.733333333333333642e-02
3.733333333333333642e-02
3.733333333333333642e-02
3.733333333333333642e-02
3.733333333333333642e-02
3.733333333333333642e-02
3.733333333333333642e-02
3.733333333333333642e-02
3.733333333333333642e-02
3.733333333333333642e-02
3.733333333333333642e-02
3.733333333333333642e-02
3.733333333333333642e-02
3.733333333333333642e-02
3.733333333333333642e-02
3.733333333333333642e-02
3.733333333333333642e-02
3.733333333333333642e-02
3.733333333333333642e-02
3.733333333333333642e-02
3.733333333333333642e-02
3.733333333333333642e-02
3.733333333333333642e-02
3.733333333333333642e-02
3.733333333333333642e-02
3.733333333333333642e-02
3.733333333333333642e-02
3.733333333333333642e-02
3.733333333333333642e-02
3.733333333333333642e-02
3.733333333333333642e-02
3.733333333333333642e-02
3.733333333333333642e-02
3.733333333333333642e-02
3.733333333333333642e-02
3.733333333333333642e-02
3.733333333333333642e-02
3.733333333333333642e-02
3.733333333333333642e-02
3.733333333333333642e-02
3.733333333333333642e-02
3.733333333333333642e-02
3.733333333333333642e-02
3.733333333333333642e-02
3.733333333333333642e-02
3.733333333333333642e-02
3.733333333333333642e-02
3.733333333333333642e-02
3.733333333333333642e-02
3.733333333333333642e-02
3.733333333333333642e-02
3.733333333333333642e-02
3.733333333333333642e-02
3.733333333333333642e-02
3.733333333333333642e-02
3.733333333333333642e-02
3.733333333333333642e-02
3.733333333333333642e-02
3.733333333333333642e-02
3.733333333333333642e-02
3.733333333333333642e-02
3.733333333333333642e-02
3.733333333333333642e-02
3.733333333333333642e-02
3.733333333333333642e-02
3.733333333333333642e-02
3.733333333333333642e-02
3.733333333333333642e-02
3.733333333333333642e-02
3.733333333333333642e-02
3.733333333333333642e-02
3.699999999999999817e-02
3.699999999999999817e-02
3.699999999999999817e-02
3.699999999999999817e-02
3.699999999999999817e-02
3.699999999999999817e-02
3.699999999999999817e-02
3.699999999999999817e-02
3.699999999999999817e-02
3.699999999999999817e-02
3.699999999999999817e-02
3.699999999999999817e-02
3.699999999999999817e-02
