6.019999999999999796e-01
5.996666666666666812e-01
5.893333333333333757e-01
5.723333333333333606e-01
5.500000000000000444e-01
5.273333333333333206e-01
5.083333333333333037e-01
4.899999999999999911e-01
4.729999999999999760e-01
4.603333333333333166e-01
4.496666666666666590e-01
4.383333333333333526e-01
4.309999999999999942e-01
4.226666666666666905e-01
4.199999999999999845e-01
4.146666666666666834e-01
4.116666666666666807e-01
4.079999999999999738e-01
4.046666666666666745e-01
4.023333333333333206e-01
3.993333333333333179e-01
3.970000000000000195e-01
3.950000000000000178e-01
3.913333333333333108e-01
3.880000000000000115e-01
3.846666666666666567e-01
3.833333333333333592e-01
3.820000000000000062e-01
3.793333333333333557e-01
3.776666666666666505e-01
3.756666666666666488e-01
3.746666666666666479e-01
3.713333333333333486e-01
3.693333333333333468e-01
3.673333333333333450e-01
3.666666666666666408e-01
3.643333333333333424e-01
3.633333333333333415e-01
3.619999999999999885e-01
3.596666666666666901e-01
3.576666666666666883e-01
3.566666666666666874e-01
3.566666666666666874e-01
3.553333333333333344e-01
3.536666666666666847e-01
3.523333333333333317e-01
3.509999999999999787e-01
3.496666666666666812e-01
3.483333333333333282e-01
3.473333333333333273e-01
3.466666666666666785e-01
3.456666666666666776e-01
3.453333333333333255e-01
3.449999999999999734e-01
3.443333333333333246e-01
3.439999999999999725e-01
3.426666666666666750e-01
3.423333333333333228e-01
3.420000000000000262e-01
3.413333333333333219e-01
3.396666666666666723e-01
3.386666666666666714e-01
3.383333333333333193e-01
3.383333333333333193e-01
3.373333333333333184e-01
3.373333333333333184e-01
3.363333333333333175e-01
3.350000000000000200e-01
3.340000000000000191e-01
3.330000000000000182e-01
3.330000000000000182e-01
3.320000000000000173e-01
3.320000000000000173e-01
3.310000000000000164e-01
3.300000000000000155e-01
3.296666666666666634e-01
3.290000000000000147e-01
3.286666666666666625e-01
3.286666666666666625e-01
3.273333333333333095e-01
3.270000000000000129e-01
3.270000000000000129e-01
3.260000000000000120e-01
3.256666666666666599e-01
3.256666666666666599e-01
3.253333333333333077e-01
3.250000000000000111e-01
3.246666666666666590e-01
3.240000000000000102e-01
3.240000000000000102e-01
3.230000000000000093e-01
3.226666666666666572e-01
3.220000000000000084e-01
3.210000000000000075e-01
3.206666666666666554e-01
3.200000000000000067e-01
3.200000000000000067e-01
3.200000000000000067e-01
3.200000000000000067e-01
3.196666666666666545e-01
3.193333333333333579e-01
3.190000000000000058e-01
3.186666666666666536e-01
3.183333333333333570e-01
3.180000000000000049e-01
3.180000000000000049e-01
3.173333333333333561e-01
3.170000000000000040e-01
3.170000000000000040e-01
3.166666666666666519e-01
3.163333333333333552e-01
3.160000000000000031e-01
3.160000000000000031e-01
3.153333333333333544e-01
3.150000000000000022e-01
3.140000000000000013e-01
3.140000000000000013e-01
3.133333333333333526e-01
3.130000000000000004e-01
3.130000000000000004e-01
3.130000000000000004e-01
3.130000000000000004e-01
3.123333333333333517e-01
3.123333333333333517e-01
3.116666666666666474e-01
3.109999999999999987e-01
3.109999999999999987e-01
3.099999999999999978e-01
3.089999999999999969e-01
3.086666666666666448e-01
3.086666666666666448e-01
3.086666666666666448e-01
3.086666666666666448e-01
3.073333333333333472e-01
3.063333333333333464e-01
3.059999999999999942e-01
3.056666666666666421e-01
3.056666666666666421e-01
3.056666666666666421e-01
3.056666666666666421e-01
3.053333333333333455e-01
3.053333333333333455e-01
3.049999999999999933e-01
3.049999999999999933e-01
3.049999999999999933e-01
3.049999999999999933e-01
3.046666666666666412e-01
3.043333333333333446e-01
3.039999999999999925e-01
3.039999999999999925e-01
3.036666666666666403e-01
3.036666666666666403e-01
3.036666666666666403e-01
3.033333333333333437e-01
3.026666666666666394e-01
3.023333333333333428e-01
3.023333333333333428e-01
3.019999999999999907e-01
3.016666666666666941e-01
3.016666666666666941e-01
3.016666666666666941e-01
3.016666666666666941e-01
3.016666666666666941e-01
3.009999999999999898e-01
3.009999999999999898e-01
3.003333333333333410e-01
2.999999999999999889e-01
2.999999999999999889e-01
2.993333333333333401e-01
2.993333333333333401e-01
2.989999999999999880e-01
2.986666666666666914e-01
2.986666666666666914e-01
2.986666666666666914e-01
2.983333333333333393e-01
2.983333333333333393e-01
2.983333333333333393e-01
2.983333333333333393e-01
2.983333333333333393e-01
2.979999999999999871e-01
2.979999999999999871e-01
2.979999999999999871e-01
2.973333333333333384e-01
2.963333333333333375e-01
2.963333333333333375e-01
2.959999999999999853e-01
2.959999999999999853e-01
2.959999999999999853e-01
2.956666666666666887e-01
2.956666666666666887e-01
2.953333333333333366e-01
2.949999999999999845e-01
2.949999999999999845e-01
2.946666666666666878e-01
2.946666666666666878e-01
2.943333333333333357e-01
2.943333333333333357e-01
2.943333333333333357e-01
2.943333333333333357e-01
2.943333333333333357e-01
2.936666666666666869e-01
2.929999999999999827e-01
2.926666666666666861e-01
2.926666666666666861e-01
2.923333333333333339e-01
2.923333333333333339e-01
2.923333333333333339e-01
2.916666666666666852e-01
2.916666666666666852e-01
2.916666666666666852e-01
2.916666666666666852e-01
2.913333333333333330e-01
2.909999999999999809e-01
2.906666666666666843e-01
2.906666666666666843e-01
2.906666666666666843e-01
2.906666666666666843e-01
2.906666666666666843e-01
2.903333333333333321e-01
2.903333333333333321e-01
2.899999999999999800e-01
2.899999999999999800e-01
2.896666666666666834e-01
2.893333333333333313e-01
2.893333333333333313e-01
2.893333333333333313e-01
2.893333333333333313e-01
2.893333333333333313e-01
2.893333333333333313e-01
2.886666666666666825e-01
2.886666666666666825e-01
2.886666666666666825e-01
2.883333333333333304e-01
2.883333333333333304e-01
2.883333333333333304e-01
2.883333333333333304e-01
2.883333333333333304e-01
2.879999999999999782e-01
2.879999999999999782e-01
2.876666666666666816e-01
2.873333333333333295e-01
2.866666666666666807e-01
2.866666666666666807e-01
2.863333333333333286e-01
2.863333333333333286e-01
2.863333333333333286e-01
2.859999999999999765e-01
2.853333333333333277e-01
2.853333333333333277e-01
2.849999999999999756e-01
2.846666666666666790e-01
2.843333333333333268e-01
2.836666666666666781e-01
2.833333333333333259e-01
2.833333333333333259e-01
2.833333333333333259e-01
2.833333333333333259e-01
2.833333333333333259e-01
2.826666666666666772e-01
2.826666666666666772e-01
2.826666666666666772e-01
2.826666666666666772e-01
2.823333333333333250e-01
2.823333333333333250e-01
2.823333333333333250e-01
2.823333333333333250e-01
2.819999999999999729e-01
2.819999999999999729e-01
2.819999999999999729e-01
2.813333333333333242e-01
2.813333333333333242e-01
2.810000000000000275e-01
2.810000000000000275e-01
2.810000000000000275e-01
2.806666666666666754e-01
2.806666666666666754e-01
2.806666666666666754e-01
2.806666666666666754e-01
2.800000000000000266e-01
2.796666666666666745e-01
2.796666666666666745e-01
2.796666666666666745e-01
2.793333333333333224e-01
2.793333333333333224e-01
2.793333333333333224e-01
2.793333333333333224e-01
2.793333333333333224e-01
2.793333333333333224e-01
2.793333333333333224e-01
2.793333333333333224e-01
2.793333333333333224e-01
2.793333333333333224e-01
2.793333333333333224e-01
2.793333333333333224e-01
2.793333333333333224e-01
2.793333333333333224e-01
2.793333333333333224e-01
2.793333333333333224e-01
2.793333333333333224e-01
2.793333333333333224e-01
2.790000000000000258e-01
2.790000000000000258e-01
2.790000000000000258e-01
2.790000000000000258e-01
2.790000000000000258e-01
2.786666666666666736e-01
2.786666666666666736e-01
2.786666666666666736e-01
2.783333333333333215e-01
2.783333333333333215e-01
2.783333333333333215e-01
2.783333333333333215e-01
2.783333333333333215e-01
2.783333333333333215e-01
2.780000000000000249e-01
2.780000000000000249e-01
2.780000000000000249e-01
2.780000000000000249e-01
2.780000000000000249e-01
2.780000000000000249e-01
2.776666666666666727e-01
2.776666666666666727e-01
2.776666666666666727e-01
2.776666666666666727e-01
2.776666666666666727e-01
2.776666666666666727e-01
2.776666666666666727e-01
2.776666666666666727e-01
2.776666666666666727e-01
2.776666666666666727e-01
2.773333333333333206e-01
2.773333333333333206e-01
2.770000000000000240e-01
2.770000000000000240e-01
2.770000000000000240e-01
2.770000000000000240e-01
2.770000000000000240e-01
2.770000000000000240e-01
2.766666666666666718e-01
2.766666666666666718e-01
2.763333333333333197e-01
2.763333333333333197e-01
2.763333333333333197e-01
2.760000000000000231e-01
2.756666666666666710e-01
2.756666666666666710e-01
2.756666666666666710e-01
2.756666666666666710e-01
2.756666666666666710e-01
2.756666666666666710e-01
2.756666666666666710e-01
2.756666666666666710e-01
2.753333333333333188e-01
2.753333333333333188e-01
2.753333333333333188e-01
2.753333333333333188e-01
2.753333333333333188e-01
2.753333333333333188e-01
2.753333333333333188e-01
2.753333333333333188e-01
2.753333333333333188e-01
2.753333333333333188e-01
2.753333333333333188e-01
2.753333333333333188e-01
2.750000000000000222e-01
2.750000000000000222e-01
2.750000000000000222e-01
2.746666666666666701e-01
2.746666666666666701e-01
2.743333333333333179e-01
2.743333333333333179e-01
2.743333333333333179e-01
2.740000000000000213e-01
2.736666666666666692e-01
2.736666666666666692e-01
2.736666666666666692e-01
2.736666666666666692e-01
2.736666666666666692e-01
2.736666666666666692e-01
2.736666666666666692e-01
2.736666666666666692e-01
2.736666666666666692e-01
2.736666666666666692e-01
2.733333333333333171e-01
2.726666666666666683e-01
2.726666666666666683e-01
2.726666666666666683e-01
2.726666666666666683e-01
2.726666666666666683e-01
2.726666666666666683e-01
2.723333333333333162e-01
2.716666666666666674e-01
2.716666666666666674e-01
2.716666666666666674e-01
2.713333333333333153e-01
2.713333333333333153e-01
2.713333333333333153e-01
2.713333333333333153e-01
2.710000000000000187e-01
2.703333333333333144e-01
2.703333333333333144e-01
2.703333333333333144e-01
2.703333333333333144e-01
2.703333333333333144e-01
2.700000000000000178e-01
2.700000000000000178e-01
2.696666666666666656e-01
2.696666666666666656e-01
2.696666666666666656e-01
2.693333333333333135e-01
2.693333333333333135e-01
2.693333333333333135e-01
2.693333333333333135e-01
2.693333333333333135e-01
2.693333333333333135e-01
2.693333333333333135e-01
2.693333333333333135e-01
2.693333333333333135e-01
2.693333333333333135e-01
2.693333333333333135e-01
2.693333333333333135e-01
2.690000000000000169e-01
2.690000000000000169e-01
2.690000000000000169e-01
2.690000000000000169e-01
2.690000000000000169e-01
2.690000000000000169e-01
2.686666666666666647e-01
2.686666666666666647e-01
2.686666666666666647e-01
2.686666666666666647e-01
2.686666666666666647e-01
2.686666666666666647e-01
2.686666666666666647e-01
2.686666666666666647e-01
2.686666666666666647e-01
2.686666666666666647e-01
2.686666666666666647e-01
2.683333333333333126e-01
2.683333333333333126e-01
2.683333333333333126e-01
2.683333333333333126e-01
2.683333333333333126e-01
2.680000000000000160e-01
2.680000000000000160e-01
2.680000000000000160e-01
2.680000000000000160e-01
2.676666666666666639e-01
2.676666666666666639e-01
2.673333333333333117e-01
2.673333333333333117e-01
2.673333333333333117e-01
2.673333333333333117e-01
2.673333333333333117e-01
2.673333333333333117e-01
2.673333333333333117e-01
2.673333333333333117e-01
2.673333333333333117e-01
2.673333333333333117e-01
2.673333333333333117e-01
2.670000000000000151e-01
2.666666666666666630e-01
2.666666666666666630e-01
2.663333333333333108e-01
2.663333333333333108e-01
2.663333333333333108e-01
2.663333333333333108e-01
2.660000000000000142e-01
2.660000000000000142e-01
2.660000000000000142e-01
2.660000000000000142e-01
2.660000000000000142e-01
2.660000000000000142e-01
2.660000000000000142e-01
2.660000000000000142e-01
2.660000000000000142e-01
2.660000000000000142e-01
2.660000000000000142e-01
2.660000000000000142e-01
2.660000000000000142e-01
2.656666666666666621e-01
2.656666666666666621e-01
2.656666666666666621e-01
2.656666666666666621e-01
2.656666666666666621e-01
2.656666666666666621e-01
2.656666666666666621e-01
2.656666666666666621e-01
2.656666666666666621e-01
2.656666666666666621e-01
2.653333333333333099e-01
2.653333333333333099e-01
2.653333333333333099e-01
2.653333333333333099e-01
2.653333333333333099e-01
2.653333333333333099e-01
2.653333333333333099e-01
2.653333333333333099e-01
2.650000000000000133e-01
2.650000000000000133e-01
2.650000000000000133e-01
2.650000000000000133e-01
2.650000000000000133e-01
2.650000000000000133e-01
2.650000000000000133e-01
2.650000000000000133e-01
2.650000000000000133e-01
2.650000000000000133e-01
2.650000000000000133e-01
2.650000000000000133e-01
2.650000000000000133e-01
2.650000000000000133e-01
2.650000000000000133e-01
2.650000000000000133e-01
2.650000000000000133e-01
2.646666666666666612e-01
2.646666666666666612e-01
2.646666666666666612e-01
2.646666666666666612e-01
2.646666666666666612e-01
2.646666666666666612e-01
2.646666666666666612e-01
2.646666666666666612e-01
2.643333333333333091e-01
2.643333333333333091e-01
2.643333333333333091e-01
2.643333333333333091e-01
2.643333333333333091e-01
2.643333333333333091e-01
2.643333333333333091e-01
2.643333333333333091e-01
2.643333333333333091e-01
2.643333333333333091e-01
2.643333333333333091e-01
2.643333333333333091e-01
2.643333333333333091e-01
2.643333333333333091e-01
2.643333333333333091e-01
2.640000000000000124e-01
2.636666666666666603e-01
2.636666666666666603e-01
2.633333333333333082e-01
2.633333333333333082e-01
2.633333333333333082e-01
2.633333333333333082e-01
2.630000000000000115e-01
2.630000000000000115e-01
2.630000000000000115e-01
2.630000000000000115e-01
2.630000000000000115e-01
2.630000000000000115e-01
2.630000000000000115e-01
2.630000000000000115e-01
2.626666666666666594e-01
2.623333333333333073e-01
2.623333333333333073e-01
2.623333333333333073e-01
2.623333333333333073e-01
2.620000000000000107e-01
2.620000000000000107e-01
2.620000000000000107e-01
2.616666666666666585e-01
2.616666666666666585e-01
2.616666666666666585e-01
2.616666666666666585e-01
2.616666666666666585e-01
2.616666666666666585e-01
2.616666666666666585e-01
2.616666666666666585e-01
2.616666666666666585e-01
2.616666666666666585e-01
2.616666666666666585e-01
2.616666666666666585e-01
2.616666666666666585e-01
2.616666666666666585e-01
2.616666666666666585e-01
2.616666666666666585e-01
2.616666666666666585e-01
2.616666666666666585e-01
2.616666666666666585e-01
2.616666666666666585e-01
2.616666666666666585e-01
2.616666666666666585e-01
2.616666666666666585e-01
2.616666666666666585e-01
2.616666666666666585e-01
2.616666666666666585e-01
2.613333333333333064e-01
2.613333333333333064e-01
2.610000000000000098e-01
2.606666666666666576e-01
2.606666666666666576e-01
2.606666666666666576e-01
2.606666666666666576e-01
2.606666666666666576e-01
2.606666666666666576e-01
2.606666666666666576e-01
2.606666666666666576e-01
2.606666666666666576e-01
2.606666666666666576e-01
2.606666666666666576e-01
2.606666666666666576e-01
2.606666666666666576e-01
2.603333333333333610e-01
2.603333333333333610e-01
2.603333333333333610e-01
2.603333333333333610e-01
2.603333333333333610e-01
2.603333333333333610e-01
2.603333333333333610e-01
2.603333333333333610e-01
2.603333333333333610e-01
2.603333333333333610e-01
2.603333333333333610e-01
2.603333333333333610e-01
2.603333333333333610e-01
2.603333333333333610e-01
2.603333333333333610e-01
2.600000000000000089e-01
2.600000000000000089e-01
2.600000000000000089e-01
2.600000000000000089e-01
2.600000000000000089e-01
2.600000000000000089e-01
2.600000000000000089e-01
2.596666666666666567e-01
2.596666666666666567e-01
2.593333333333333601e-01
2.590000000000000080e-01
2.590000000000000080e-01
2.590000000000000080e-01
2.590000000000000080e-01
2.590000000000000080e-01
2.590000000000000080e-01
2.590000000000000080e-01
2.586666666666666559e-01
2.583333333333333592e-01
2.583333333333333592e-01
2.583333333333333592e-01
2.583333333333333592e-01
2.583333333333333592e-01
2.583333333333333592e-01
2.583333333333333592e-01
2.583333333333333592e-01
2.583333333333333592e-01
2.583333333333333592e-01
2.580000000000000071e-01
2.580000000000000071e-01
2.580000000000000071e-01
2.580000000000000071e-01
2.580000000000000071e-01
2.580000000000000071e-01
2.580000000000000071e-01
2.580000000000000071e-01
2.580000000000000071e-01
2.580000000000000071e-01
2.580000000000000071e-01
2.580000000000000071e-01
2.580000000000000071e-01
2.580000000000000071e-01
2.576666666666666550e-01
2.576666666666666550e-01
2.576666666666666550e-01
2.576666666666666550e-01
2.576666666666666550e-01
2.576666666666666550e-01
2.576666666666666550e-01
2.573333333333333584e-01
2.573333333333333584e-01
2.573333333333333584e-01
2.573333333333333584e-01
2.573333333333333584e-01
2.573333333333333584e-01
2.570000000000000062e-01
2.566666666666666541e-01
2.566666666666666541e-01
2.563333333333333575e-01
2.560000000000000053e-01
2.560000000000000053e-01
2.560000000000000053e-01
2.560000000000000053e-01
2.560000000000000053e-01
2.560000000000000053e-01
2.560000000000000053e-01
2.560000000000000053e-01
2.560000000000000053e-01
2.560000000000000053e-01
2.556666666666666532e-01
2.556666666666666532e-01
2.556666666666666532e-01
2.556666666666666532e-01
2.556666666666666532e-01
2.556666666666666532e-01
2.556666666666666532e-01
2.556666666666666532e-01
2.556666666666666532e-01
2.556666666666666532e-01
2.556666666666666532e-01
2.556666666666666532e-01
2.556666666666666532e-01
2.556666666666666532e-01
2.553333333333333566e-01
2.553333333333333566e-01
2.553333333333333566e-01
2.553333333333333566e-01
2.553333333333333566e-01
2.550000000000000044e-01
2.550000000000000044e-01
2.550000000000000044e-01
2.550000000000000044e-01
2.550000000000000044e-01
2.550000000000000044e-01
2.546666666666666523e-01
2.546666666666666523e-01
2.546666666666666523e-01
2.546666666666666523e-01
2.546666666666666523e-01
2.546666666666666523e-01
2.546666666666666523e-01
2.546666666666666523e-01
2.546666666666666523e-01
2.546666666666666523e-01
2.546666666666666523e-01
2.546666666666666523e-01
2.546666666666666523e-01
2.546666666666666523e-01
2.543333333333333557e-01
2.543333333333333557e-01
2.543333333333333557e-01
2.543333333333333557e-01
2.543333333333333557e-01
2.543333333333333557e-01
2.543333333333333557e-01
2.543333333333333557e-01
2.543333333333333557e-01
2.543333333333333557e-01
2.543333333333333557e-01
2.543333333333333557e-01
2.543333333333333557e-01
2.543333333333333557e-01
2.543333333333333557e-01
2.543333333333333557e-01
2.543333333333333557e-01
2.543333333333333557e-01
2.543333333333333557e-01
2.543333333333333557e-01
2.543333333333333557e-01
2.543333333333333557e-01
2.543333333333333557e-01
2.540000000000000036e-01
2.540000000000000036e-01
2.540000000000000036e-01
2.540000000000000036e-01
2.540000000000000036e-01
2.540000000000000036e-01
2.540000000000000036e-01
2.540000000000000036e-01
2.540000000000000036e-01
2.540000000000000036e-01
2.540000000000000036e-01
2.540000000000000036e-01
2.540000000000000036e-01
2.533333333333333548e-01
2.530000000000000027e-01
2.530000000000000027e-01
2.530000000000000027e-01
2.530000000000000027e-01
2.526666666666666505e-01
2.526666666666666505e-01
2.526666666666666505e-01
2.526666666666666505e-01
2.526666666666666505e-01
2.526666666666666505e-01
2.526666666666666505e-01
2.526666666666666505e-01
2.523333333333333539e-01
2.523333333333333539e-01
2.523333333333333539e-01
2.523333333333333539e-01
2.523333333333333539e-01
2.523333333333333539e-01
2.523333333333333539e-01
2.523333333333333539e-01
2.520000000000000018e-01
2.520000000000000018e-01
2.520000000000000018e-01
2.520000000000000018e-01
2.513333333333333530e-01
2.513333333333333530e-01
2.513333333333333530e-01
2.513333333333333530e-01
2.513333333333333530e-01
2.513333333333333530e-01
2.513333333333333530e-01
2.510000000000000009e-01
2.510000000000000009e-01
2.510000000000000009e-01
2.510000000000000009e-01
2.510000000000000009e-01
2.510000000000000009e-01
2.510000000000000009e-01
2.510000000000000009e-01
2.510000000000000009e-01
2.510000000000000009e-01
2.510000000000000009e-01
2.510000000000000009e-01
2.510000000000000009e-01
2.510000000000000009e-01
2.510000000000000009e-01
2.510000000000000009e-01
2.510000000000000009e-01
2.506666666666666488e-01
2.506666666666666488e-01
2.506666666666666488e-01
2.506666666666666488e-01
2.506666666666666488e-01
2.503333333333333521e-01
2.503333333333333521e-01
2.503333333333333521e-01
2.500000000000000000e-01
2.500000000000000000e-01
2.500000000000000000e-01
2.500000000000000000e-01
2.500000000000000000e-01
2.500000000000000000e-01
2.500000000000000000e-01
2.500000000000000000e-01
2.500000000000000000e-01
2.500000000000000000e-01
2.500000000000000000e-01
2.500000000000000000e-01
2.500000000000000000e-01
2.500000000000000000e-01
2.496666666666666756e-01
2.496666666666666756e-01
2.496666666666666756e-01
2.496666666666666756e-01
2.496666666666666756e-01
2.496666666666666756e-01
2.496666666666666756e-01
2.496666666666666756e-01
2.496666666666666756e-01
2.496666666666666756e-01
2.496666666666666756e-01
2.496666666666666756e-01
2.496666666666666756e-01
2.496666666666666756e-01
2.496666666666666756e-01
2.496666666666666756e-01
2.496666666666666756e-01
2.496666666666666756e-01
2.496666666666666756e-01
2.496666666666666756e-01
2.496666666666666756e-01
2.496666666666666756e-01
2.496666666666666756e-01
2.496666666666666756e-01
2.496666666666666756e-01
2.496666666666666756e-01
2.496666666666666756e-01
2.496666666666666756e-01
2.496666666666666756e-01
2.496666666666666756e-01
2.496666666666666756e-01
2.493333333333333235e-01
2.493333333333333235e-01
2.493333333333333235e-01
2.493333333333333235e-01
2.493333333333333235e-01
2.493333333333333235e-01
2.493333333333333235e-01
2.493333333333333235e-01
2.493333333333333235e-01
2.493333333333333235e-01
2.493333333333333235e-01
2.493333333333333235e-01
2.493333333333333235e-01
2.493333333333333235e-01
2.493333333333333235e-01
2.493333333333333235e-01
2.493333333333333235e-01
2.493333333333333235e-01
2.493333333333333235e-01
2.493333333333333235e-01
2.493333333333333235e-01
2.493333333333333235e-01
2.493333333333333235e-01
2.493333333333333235e-01
2.493333333333333235e-01
2.493333333333333235e-01
2.493333333333333235e-01
2.489999999999999991e-01
2.489999999999999991e-01
2.489999999999999991e-01
2.489999999999999991e-01
2.489999999999999991e-01
2.489999999999999991e-01
2.489999999999999991e-01
2.489999999999999991e-01
2.486666666666666747e-01
2.486666666666666747e-01
2.486666666666666747e-01
2.486666666666666747e-01
2.486666666666666747e-01
2.486666666666666747e-01
2.486666666666666747e-01
2.486666666666666747e-01
2.483333333333333226e-01
2.483333333333333226e-01
2.483333333333333226e-01
2.483333333333333226e-01
2.483333333333333226e-01
2.483333333333333226e-01
2.483333333333333226e-01
2.483333333333333226e-01
2.483333333333333226e-01
2.483333333333333226e-01
2.483333333333333226e-01
2.483333333333333226e-01
2.483333333333333226e-01
2.483333333333333226e-01
2.483333333333333226e-01
2.483333333333333226e-01
2.483333333333333226e-01
2.483333333333333226e-01
2.483333333333333226e-01
2.483333333333333226e-01
2.483333333333333226e-01
2.479999999999999982e-01
2.479999999999999982e-01
2.479999999999999982e-01
2.479999999999999982e-01
2.479999999999999982e-01
2.476666666666666738e-01
2.476666666666666738e-01
2.476666666666666738e-01
2.476666666666666738e-01
2.476666666666666738e-01
2.476666666666666738e-01
2.476666666666666738e-01
2.476666666666666738e-01
2.476666666666666738e-01
2.476666666666666738e-01
2.476666666666666738e-01
2.476666666666666738e-01
2.476666666666666738e-01
2.476666666666666738e-01
2.476666666666666738e-01
2.476666666666666738e-01
2.476666666666666738e-01
2.476666666666666738e-01
2.476666666666666738e-01
2.476666666666666738e-01
2.476666666666666738e-01
2.476666666666666738e-01
2.476666666666666738e-01
2.476666666666666738e-01
2.476666666666666738e-01
2.476666666666666738e-01
2.476666666666666738e-01
2.476666666666666738e-01
2.476666666666666738e-01
2.476666666666666738e-01
2.476666666666666738e-01
2.476666666666666738e-01
2.476666666666666738e-01
2.476666666666666738e-01
2.476666666666666738e-01
2.476666666666666738e-01
2.476666666666666738e-01
2.476666666666666738e-01
2.473333333333333217e-01
2.473333333333333217e-01
2.473333333333333217e-01
2.473333333333333217e-01
2.473333333333333217e-01
2.473333333333333217e-01
2.473333333333333217e-01
2.473333333333333217e-01
2.473333333333333217e-01
2.473333333333333217e-01
2.473333333333333217e-01
2.473333333333333217e-01
2.473333333333333217e-01
2.473333333333333217e-01
2.473333333333333217e-01
2.473333333333333217e-01
2.473333333333333217e-01
2.473333333333333217e-01
2.473333333333333217e-01
2.473333333333333217e-01
2.469999999999999973e-01
2.469999999999999973e-01
2.469999999999999973e-01
2.469999999999999973e-01
2.469999999999999973e-01
2.469999999999999973e-01
2.469999999999999973e-01
2.469999999999999973e-01
2.469999999999999973e-01
2.469999999999999973e-01
2.466666666666666730e-01
2.466666666666666730e-01
2.466666666666666730e-01
2.466666666666666730e-01
2.463333333333333208e-01
2.463333333333333208e-01
2.463333333333333208e-01
2.463333333333333208e-01
2.459999999999999964e-01
2.459999999999999964e-01
2.459999999999999964e-01
2.459999999999999964e-01
2.459999999999999964e-01
2.459999999999999964e-01
2.459999999999999964e-01
2.459999999999999964e-01
2.459999999999999964e-01
2.459999999999999964e-01
2.459999999999999964e-01
2.459999999999999964e-01
2.459999999999999964e-01
2.459999999999999964e-01
2.456666666666666721e-01
2.456666666666666721e-01
2.456666666666666721e-01
2.456666666666666721e-01
2.456666666666666721e-01
2.456666666666666721e-01
2.456666666666666721e-01
2.456666666666666721e-01
2.453333333333333199e-01
2.453333333333333199e-01
2.449999999999999956e-01
2.449999999999999956e-01
2.449999999999999956e-01
2.449999999999999956e-01
2.449999999999999956e-01
2.449999999999999956e-01
2.449999999999999956e-01
2.449999999999999956e-01
2.449999999999999956e-01
2.449999999999999956e-01
2.449999999999999956e-01
2.449999999999999956e-01
2.449999999999999956e-01
2.449999999999999956e-01
2.449999999999999956e-01
2.449999999999999956e-01
2.449999999999999956e-01
2.449999999999999956e-01
2.449999999999999956e-01
2.449999999999999956e-01
2.449999999999999956e-01
2.449999999999999956e-01
2.449999999999999956e-01
2.449999999999999956e-01
2.449999999999999956e-01
2.449999999999999956e-01
2.449999999999999956e-01
2.449999999999999956e-01
2.449999999999999956e-01
2.449999999999999956e-01
2.449999999999999956e-01
2.449999999999999956e-01
2.449999999999999956e-01
2.449999999999999956e-01
2.449999999999999956e-01
2.449999999999999956e-01
2.449999999999999956e-01
2.449999999999999956e-01
2.449999999999999956e-01
2.449999999999999956e-01
2.446666666666666712e-01
2.446666666666666712e-01
2.446666666666666712e-01
2.446666666666666712e-01
2.446666666666666712e-01
2.446666666666666712e-01
2.446666666666666712e-01
2.446666666666666712e-01
2.446666666666666712e-01
2.446666666666666712e-01
2.446666666666666712e-01
2.446666666666666712e-01
2.443333333333333468e-01
2.443333333333333468e-01
2.443333333333333468e-01
2.443333333333333468e-01
2.443333333333333468e-01
2.443333333333333468e-01
2.443333333333333468e-01
2.443333333333333468e-01
2.443333333333333468e-01
2.443333333333333468e-01
2.443333333333333468e-01
2.443333333333333468e-01
2.443333333333333468e-01
2.443333333333333468e-01
2.443333333333333468e-01
2.443333333333333468e-01
2.443333333333333468e-01
2.443333333333333468e-01
2.443333333333333468e-01
2.443333333333333468e-01
2.443333333333333468e-01
2.443333333333333468e-01
2.443333333333333468e-01
2.443333333333333468e-01
2.443333333333333468e-01
2.443333333333333468e-01
2.443333333333333468e-01
2.439999999999999947e-01
2.439999999999999947e-01
2.439999999999999947e-01
2.439999999999999947e-01
2.439999999999999947e-01
2.439999999999999947e-01
2.439999999999999947e-01
2.436666666666666703e-01
2.436666666666666703e-01
2.436666666666666703e-01
2.433333333333333459e-01
2.433333333333333459e-01
2.433333333333333459e-01
2.433333333333333459e-01
2.433333333333333459e-01
2.433333333333333459e-01
2.433333333333333459e-01
2.433333333333333459e-01
2.433333333333333459e-01
2.433333333333333459e-01
2.433333333333333459e-01
2.433333333333333459e-01
2.433333333333333459e-01
2.429999999999999938e-01
2.429999999999999938e-01
2.429999999999999938e-01
2.429999999999999938e-01
2.429999999999999938e-01
2.429999999999999938e-01
2.429999999999999938e-01
2.429999999999999938e-01
2.429999999999999938e-01
2.429999999999999938e-01
2.429999999999999938e-01
2.429999999999999938e-01
2.429999999999999938e-01
2.429999999999999938e-01
2.429999999999999938e-01
2.429999999999999938e-01
2.429999999999999938e-01
2.429999999999999938e-01
2.429999999999999938e-01
2.429999999999999938e-01
2.429999999999999938e-01
2.429999999999999938e-01
2.429999999999999938e-01
2.429999999999999938e-01
2.429999999999999938e-01
2.429999999999999938e-01
2.429999999999999938e-01
2.429999999999999938e-01
2.429999999999999938e-01
2.429999999999999938e-01
2.429999999999999938e-01
2.429999999999999938e-01
2.429999999999999938e-01
2.426666666666666694e-01
2.426666666666666694e-01
2.426666666666666694e-01
2.423333333333333450e-01
2.423333333333333450e-01
2.423333333333333450e-01
2.423333333333333450e-01
2.423333333333333450e-01
2.423333333333333450e-01
2.423333333333333450e-01
2.423333333333333450e-01
2.423333333333333450e-01
2.423333333333333450e-01
2.423333333333333450e-01
2.423333333333333450e-01
2.423333333333333450e-01
2.423333333333333450e-01
2.423333333333333450e-01
2.423333333333333450e-01
2.423333333333333450e-01
2.423333333333333450e-01
2.423333333333333450e-01
2.423333333333333450e-01
2.423333333333333450e-01
2.423333333333333450e-01
2.423333333333333450e-01
2.423333333333333450e-01
2.423333333333333450e-01
2.423333333333333450e-01
2.423333333333333450e-01
2.423333333333333450e-01
2.423333333333333450e-01
2.423333333333333450e-01
2.423333333333333450e-01
2.423333333333333450e-01
2.423333333333333450e-01
2.423333333333333450e-01
2.423333333333333450e-01
2.423333333333333450e-01
2.423333333333333450e-01
2.423333333333333450e-01
2.423333333333333450e-01
2.423333333333333450e-01
2.419999999999999929e-01
2.419999999999999929e-01
2.419999999999999929e-01
2.419999999999999929e-01
2.419999999999999929e-01
2.419999999999999929e-01
2.419999999999999929e-01
2.419999999999999929e-01
2.419999999999999929e-01
2.419999999999999929e-01
2.419999999999999929e-01
2.419999999999999929e-01
2.419999999999999929e-01
2.419999999999999929e-01
2.419999999999999929e-01
2.419999999999999929e-01
2.419999999999999929e-01
2.419999999999999929e-01
2.419999999999999929e-01
2.419999999999999929e-01
2.419999999999999929e-01
2.419999999999999929e-01
2.419999999999999929e-01
2.419999999999999929e-01
2.419999999999999929e-01
2.419999999999999929e-01
2.419999999999999929e-01
2.419999999999999929e-01
2.419999999999999929e-01
2.419999999999999929e-01
2.419999999999999929e-01
2.419999999999999929e-01
2.419999999999999929e-01
2.419999999999999929e-01
2.419999999999999929e-01
2.419999999999999929e-01
2.419999999999999929e-01
2.419999999999999929e-01
2.419999999999999929e-01
2.419999999999999929e-01
2.419999999999999929e-01
2.419999999999999929e-01
2.419999999999999929e-01
2.419999999999999929e-01
2.419999999999999929e-01
2.419999999999999929e-01
2.419999999999999929e-01
2.419999999999999929e-01
2.419999999999999929e-01
2.419999999999999929e-01
2.416666666666666685e-01
2.416666666666666685e-01
2.416666666666666685e-01
2.416666666666666685e-01
2.416666666666666685e-01
2.416666666666666685e-01
2.416666666666666685e-01
2.416666666666666685e-01
2.416666666666666685e-01
2.416666666666666685e-01
2.416666666666666685e-01
2.416666666666666685e-01
2.416666666666666685e-01
2.416666666666666685e-01
2.413333333333333441e-01
2.413333333333333441e-01
2.409999999999999920e-01
2.409999999999999920e-01
2.409999999999999920e-01
2.409999999999999920e-01
2.409999999999999920e-01
2.409999999999999920e-01
2.406666666666666676e-01
2.406666666666666676e-01
2.403333333333333433e-01
2.403333333333333433e-01
2.403333333333333433e-01
2.403333333333333433e-01
2.403333333333333433e-01
2.403333333333333433e-01
2.403333333333333433e-01
2.403333333333333433e-01
2.403333333333333433e-01
2.403333333333333433e-01
2.403333333333333433e-01
2.403333333333333433e-01
2.403333333333333433e-01
2.399999999999999911e-01
2.399999999999999911e-01
2.399999999999999911e-01
2.399999999999999911e-01
2.399999999999999911e-01
2.399999999999999911e-01
2.399999999999999911e-01
2.399999999999999911e-01
2.399999999999999911e-01
2.399999999999999911e-01
2.399999999999999911e-01
2.399999999999999911e-01
2.399999999999999911e-01
2.399999999999999911e-01
2.399999999999999911e-01
2.399999999999999911e-01
2.399999999999999911e-01
2.399999999999999911e-01
2.399999999999999911e-01
2.399999999999999911e-01
2.399999999999999911e-01
2.399999999999999911e-01
2.399999999999999911e-01
2.399999999999999911e-01
2.399999999999999911e-01
2.399999999999999911e-01
2.399999999999999911e-01
2.399999999999999911e-01
2.399999999999999911e-01
2.399999999999999911e-01
2.399999999999999911e-01
2.399999999999999911e-01
2.399999999999999911e-01
2.399999999999999911e-01
2.399999999999999911e-01
2.399999999999999911e-01
2.399999999999999911e-01
2.399999999999999911e-01
2.399999999999999911e-01
2.399999999999999911e-01
2.399999999999999911e-01
2.399999999999999911e-01
2.399999999999999911e-01
2.399999999999999911e-01
2.399999999999999911e-01
2.399999999999999911e-01
2.399999999999999911e-01
2.399999999999999911e-01
2.399999999999999911e-01
2.399999999999999911e-01
2.399999999999999911e-01
2.399999999999999911e-01
2.399999999999999911e-01
2.399999999999999911e-01
2.399999999999999911e-01
2.396666666666666667e-01
2.396666666666666667e-01
2.396666666666666667e-01
2.396666666666666667e-01
2.396666666666666667e-01
2.396666666666666667e-01
2.396666666666666667e-01
2.396666666666666667e-01
2.396666666666666667e-01
2.396666666666666667e-01
2.396666666666666667e-01
2.396666666666666667e-01
2.396666666666666667e-01
2.396666666666666667e-01
2.396666666666666667e-01
2.396666666666666667e-01
2.396666666666666667e-01
2.396666666666666667e-01
2.396666666666666667e-01
2.396666666666666667e-01
2.396666666666666667e-01
2.396666666666666667e-01
2.396666666666666667e-01
2.396666666666666667e-01
2.396666666666666667e-01
2.396666666666666667e-01
2.396666666666666667e-01
2.396666666666666667e-01
2.396666666666666667e-01
2.396666666666666667e-01
2.396666666666666667e-01
2.396666666666666667e-01
2.396666666666666667e-01
2.396666666666666667e-01
2.396666666666666667e-01
2.396666666666666667e-01
2.396666666666666667e-01
2.396666666666666667e-01
2.396666666666666667e-01
2.396666666666666667e-01
2.396666666666666667e-01
2.396666666666666667e-01
2.396666666666666667e-01
2.396666666666666667e-01
2.396666666666666667e-01
2.396666666666666667e-01
2.396666666666666667e-01
2.396666666666666667e-01
2.396666666666666667e-01
2.396666666666666667e-01
2.396666666666666667e-01
2.396666666666666667e-01
2.396666666666666667e-01
2.396666666666666667e-01
2.396666666666666667e-01
2.396666666666666667e-01
2.396666666666666667e-01
2.396666666666666667e-01
2.396666666666666667e-01
2.396666666666666667e-01
2.396666666666666667e-01
2.396666666666666667e-01
2.396666666666666667e-01
2.396666666666666667e-01
2.396666666666666667e-01
2.396666666666666667e-01
2.396666666666666667e-01
2.396666666666666667e-01
2.396666666666666667e-01
2.396666666666666667e-01
2.396666666666666667e-01
2.396666666666666667e-01
2.396666666666666667e-01
2.396666666666666667e-01
2.396666666666666667e-01
2.396666666666666667e-01
2.396666666666666667e-01
2.396666666666666667e-01
2.396666666666666667e-01
2.396666666666666667e-01
2.396666666666666667e-01
2.396666666666666667e-01
2.396666666666666667e-01
2.396666666666666667e-01
2.396666666666666667e-01
2.396666666666666667e-01
2.396666666666666667e-01
2.396666666666666667e-01
2.393333333333333424e-01
2.393333333333333424e-01
2.393333333333333424e-01
2.393333333333333424e-01
2.393333333333333424e-01
2.393333333333333424e-01
2.393333333333333424e-01
2.393333333333333424e-01
2.389999999999999902e-01
2.389999999999999902e-01
2.389999999999999902e-01
2.389999999999999902e-01
2.389999999999999902e-01
2.389999999999999902e-01
2.389999999999999902e-01
2.389999999999999902e-01
2.389999999999999902e-01
2.389999999999999902e-01
2.389999999999999902e-01
2.389999999999999902e-01
2.389999999999999902e-01
2.389999999999999902e-01
2.389999999999999902e-01
2.389999999999999902e-01
2.389999999999999902e-01
2.389999999999999902e-01
2.389999999999999902e-01
2.389999999999999902e-01
2.389999999999999902e-01
2.389999999999999902e-01
2.389999999999999902e-01
2.389999999999999902e-01
2.389999999999999902e-01
2.389999999999999902e-01
2.389999999999999902e-01
2.389999999999999902e-01
2.389999999999999902e-01
2.389999999999999902e-01
2.389999999999999902e-01
2.389999999999999902e-01
2.389999999999999902e-01
2.389999999999999902e-01
2.389999999999999902e-01
2.389999999999999902e-01
2.389999999999999902e-01
2.389999999999999902e-01
2.389999999999999902e-01
2.389999999999999902e-01
2.389999999999999902e-01
2.389999999999999902e-01
2.389999999999999902e-01
2.389999999999999902e-01
2.389999999999999902e-01
2.389999999999999902e-01
2.389999999999999902e-01
2.389999999999999902e-01
2.389999999999999902e-01
2.389999999999999902e-01
2.389999999999999902e-01
2.389999999999999902e-01
2.389999999999999902e-01
2.389999999999999902e-01
2.389999999999999902e-01
2.389999999999999902e-01
2.389999999999999902e-01
2.389999999999999902e-01
2.389999999999999902e-01
2.389999999999999902e-01
2.389999999999999902e-01
2.389999999999999902e-01
2.389999999999999902e-01
2.389999999999999902e-01
2.389999999999999902e-01
2.389999999999999902e-01
2.389999999999999902e-01
2.389999999999999902e-01
2.389999999999999902e-01
2.389999999999999902e-01
2.389999999999999902e-01
2.389999999999999902e-01
2.389999999999999902e-01
2.389999999999999902e-01
2.389999999999999902e-01
2.389999999999999902e-01
2.389999999999999902e-01
2.389999999999999902e-01
2.389999999999999902e-01
2.389999999999999902e-01
2.389999999999999902e-01
2.389999999999999902e-01
2.386666666666666659e-01
2.386666666666666659e-01
2.386666666666666659e-01
2.386666666666666659e-01
2.386666666666666659e-01
2.386666666666666659e-01
2.386666666666666659e-01
2.386666666666666659e-01
2.386666666666666659e-01
2.386666666666666659e-01
2.386666666666666659e-01
2.386666666666666659e-01
2.386666666666666659e-01
2.386666666666666659e-01
2.386666666666666659e-01
2.386666666666666659e-01
2.386666666666666659e-01
2.386666666666666659e-01
2.386666666666666659e-01
2.386666666666666659e-01
2.386666666666666659e-01
2.386666666666666659e-01
2.386666666666666659e-01
2.386666666666666659e-01
2.386666666666666659e-01
2.386666666666666659e-01
2.386666666666666659e-01
2.386666666666666659e-01
2.386666666666666659e-01
2.386666666666666659e-01
2.386666666666666659e-01
2.386666666666666659e-01
2.386666666666666659e-01
2.386666666666666659e-01
2.386666666666666659e-01
2.386666666666666659e-01
2.386666666666666659e-01
2.386666666666666659e-01
2.386666666666666659e-01
2.386666666666666659e-01
2.386666666666666659e-01
2.386666666666666659e-01
2.386666666666666659e-01
2.386666666666666659e-01
2.386666666666666659e-01
2.386666666666666659e-01
2.386666666666666659e-01
2.386666666666666659e-01
2.386666666666666659e-01
2.386666666666666659e-01
2.383333333333333415e-01
2.383333333333333415e-01
2.383333333333333415e-01
2.383333333333333415e-01
2.383333333333333415e-01
2.379999999999999893e-01
2.379999999999999893e-01
2.379999999999999893e-01
2.379999999999999893e-01
2.379999999999999893e-01
2.379999999999999893e-01
2.379999999999999893e-01
2.379999999999999893e-01
2.379999999999999893e-01
2.379999999999999893e-01
2.379999999999999893e-01
2.379999999999999893e-01
2.379999999999999893e-01
2.379999999999999893e-01
2.379999999999999893e-01
2.379999999999999893e-01
2.379999999999999893e-01
2.379999999999999893e-01
2.379999999999999893e-01
2.379999999999999893e-01
2.379999999999999893e-01
2.379999999999999893e-01
2.379999999999999893e-01
2.379999999999999893e-01
2.379999999999999893e-01
2.379999999999999893e-01
2.379999999999999893e-01
2.379999999999999893e-01
2.379999999999999893e-01
2.379999999999999893e-01
2.379999999999999893e-01
2.379999999999999893e-01
2.379999999999999893e-01
2.379999999999999893e-01
2.379999999999999893e-01
2.379999999999999893e-01
2.379999999999999893e-01
2.379999999999999893e-01
2.379999999999999893e-01
2.379999999999999893e-01
2.379999999999999893e-01
2.379999999999999893e-01
2.379999999999999893e-01
2.379999999999999893e-01
2.379999999999999893e-01
2.379999999999999893e-01
2.379999999999999893e-01
2.379999999999999893e-01
2.379999999999999893e-01
2.379999999999999893e-01
2.379999999999999893e-01
2.379999999999999893e-01
2.379999999999999893e-01
2.379999999999999893e-01
2.379999999999999893e-01
2.379999999999999893e-01
2.379999999999999893e-01
2.379999999999999893e-01
2.379999999999999893e-01
2.379999999999999893e-01
2.379999999999999893e-01
2.379999999999999893e-01
2.379999999999999893e-01
2.379999999999999893e-01
2.379999999999999893e-01
2.379999999999999893e-01
2.379999999999999893e-01
2.379999999999999893e-01
2.379999999999999893e-01
2.379999999999999893e-01
2.379999999999999893e-01
2.379999999999999893e-01
2.379999999999999893e-01
2.379999999999999893e-01
2.379999999999999893e-01
2.379999999999999893e-01
2.379999999999999893e-01
2.379999999999999893e-01
2.379999999999999893e-01
2.379999999999999893e-01
2.379999999999999893e-01
2.379999999999999893e-01
2.379999999999999893e-01
2.379999999999999893e-01
2.379999999999999893e-01
2.379999999999999893e-01
2.379999999999999893e-01
2.379999999999999893e-01
2.379999999999999893e-01
2.379999999999999893e-01
2.379999999999999893e-01
2.379999999999999893e-01
2.379999999999999893e-01
2.376666666666666650e-01
2.376666666666666650e-01
2.376666666666666650e-01
2.376666666666666650e-01
2.376666666666666650e-01
2.373333333333333406e-01
2.373333333333333406e-01
2.373333333333333406e-01
2.373333333333333406e-01
2.373333333333333406e-01
2.373333333333333406e-01
2.373333333333333406e-01
2.373333333333333406e-01
2.373333333333333406e-01
2.373333333333333406e-01
2.373333333333333406e-01
2.373333333333333406e-01
2.373333333333333406e-01
2.373333333333333406e-01
2.373333333333333406e-01
2.373333333333333406e-01
2.373333333333333406e-01
2.373333333333333406e-01
2.373333333333333406e-01
2.373333333333333406e-01
2.369999999999999885e-01
2.369999999999999885e-01
2.369999999999999885e-01
2.369999999999999885e-01
2.369999999999999885e-01
2.369999999999999885e-01
2.369999999999999885e-01
2.369999999999999885e-01
2.369999999999999885e-01
2.369999999999999885e-01
2.369999999999999885e-01
2.369999999999999885e-01
2.369999999999999885e-01
2.369999999999999885e-01
2.369999999999999885e-01
2.369999999999999885e-01
2.369999999999999885e-01
2.369999999999999885e-01
2.369999999999999885e-01
2.369999999999999885e-01
2.369999999999999885e-01
2.369999999999999885e-01
2.369999999999999885e-01
2.366666666666666641e-01
2.366666666666666641e-01
2.366666666666666641e-01
2.366666666666666641e-01
2.366666666666666641e-01
2.363333333333333397e-01
2.363333333333333397e-01
2.363333333333333397e-01
2.363333333333333397e-01
2.363333333333333397e-01
2.363333333333333397e-01
2.363333333333333397e-01
2.363333333333333397e-01
2.363333333333333397e-01
2.363333333333333397e-01
2.363333333333333397e-01
2.363333333333333397e-01
2.363333333333333397e-01
2.363333333333333397e-01
2.363333333333333397e-01
2.363333333333333397e-01
2.363333333333333397e-01
2.363333333333333397e-01
2.363333333333333397e-01
2.363333333333333397e-01
2.363333333333333397e-01
2.363333333333333397e-01
2.363333333333333397e-01
2.363333333333333397e-01
2.363333333333333397e-01
2.363333333333333397e-01
2.363333333333333397e-01
2.363333333333333397e-01
2.363333333333333397e-01
2.359999999999999876e-01
2.359999999999999876e-01
2.359999999999999876e-01
2.359999999999999876e-01
2.359999999999999876e-01
2.359999999999999876e-01
2.356666666666666632e-01
2.356666666666666632e-01
2.356666666666666632e-01
2.356666666666666632e-01
2.356666666666666632e-01
2.356666666666666632e-01
2.356666666666666632e-01
2.356666666666666632e-01
2.356666666666666632e-01
2.356666666666666632e-01
2.356666666666666632e-01
2.356666666666666632e-01
2.356666666666666632e-01
2.356666666666666632e-01
2.356666666666666632e-01
2.356666666666666632e-01
2.356666666666666632e-01
2.353333333333333388e-01
2.353333333333333388e-01
2.353333333333333388e-01
2.353333333333333388e-01
2.353333333333333388e-01
2.353333333333333388e-01
2.353333333333333388e-01
2.353333333333333388e-01
2.353333333333333388e-01
2.353333333333333388e-01
2.353333333333333388e-01
2.353333333333333388e-01
2.353333333333333388e-01
2.353333333333333388e-01
2.353333333333333388e-01
2.353333333333333388e-01
2.353333333333333388e-01
2.353333333333333388e-01
2.353333333333333388e-01
2.353333333333333388e-01
2.353333333333333388e-01
2.353333333333333388e-01
2.353333333333333388e-01
2.353333333333333388e-01
2.353333333333333388e-01
2.353333333333333388e-01
2.353333333333333388e-01
2.353333333333333388e-01
2.353333333333333388e-01
2.353333333333333388e-01
2.353333333333333388e-01
2.353333333333333388e-01
2.353333333333333388e-01
2.353333333333333388e-01
2.353333333333333388e-01
2.353333333333333388e-01
2.353333333333333388e-01
2.353333333333333388e-01
2.353333333333333388e-01
2.353333333333333388e-01
2.353333333333333388e-01
2.353333333333333388e-01
2.353333333333333388e-01
2.353333333333333388e-01
2.353333333333333388e-01
2.353333333333333388e-01
2.353333333333333388e-01
2.353333333333333388e-01
2.353333333333333388e-01
2.353333333333333388e-01
2.353333333333333388e-01
2.353333333333333388e-01
2.353333333333333388e-01
2.353333333333333388e-01
2.353333333333333388e-01
2.353333333333333388e-01
2.353333333333333388e-01
2.353333333333333388e-01
2.353333333333333388e-01
2.353333333333333388e-01
2.353333333333333388e-01
2.353333333333333388e-01
2.353333333333333388e-01
2.353333333333333388e-01
2.353333333333333388e-01
2.353333333333333388e-01
2.353333333333333388e-01
2.353333333333333388e-01
2.353333333333333388e-01
2.353333333333333388e-01
2.353333333333333388e-01
2.353333333333333388e-01
2.353333333333333388e-01
2.353333333333333388e-01
2.353333333333333388e-01
2.353333333333333388e-01
2.353333333333333388e-01
2.353333333333333388e-01
2.353333333333333388e-01
2.353333333333333388e-01
2.353333333333333388e-01
2.353333333333333388e-01
2.353333333333333388e-01
2.353333333333333388e-01
2.353333333333333388e-01
2.353333333333333388e-01
2.353333333333333388e-01
2.353333333333333388e-01
2.353333333333333388e-01
2.353333333333333388e-01
2.353333333333333388e-01
2.353333333333333388e-01
2.353333333333333388e-01
2.353333333333333388e-01
2.353333333333333388e-01
2.353333333333333388e-01
2.353333333333333388e-01
2.353333333333333388e-01
2.353333333333333388e-01
2.353333333333333388e-01
2.353333333333333388e-01
2.353333333333333388e-01
2.353333333333333388e-01
2.353333333333333388e-01
2.353333333333333388e-01
2.353333333333333388e-01
2.353333333333333388e-01
2.353333333333333388e-01
2.353333333333333388e-01
2.353333333333333388e-01
2.353333333333333388e-01
2.353333333333333388e-01
2.353333333333333388e-01
2.353333333333333388e-01
2.353333333333333388e-01
2.353333333333333388e-01
2.353333333333333388e-01
2.353333333333333388e-01
2.353333333333333388e-01
2.353333333333333388e-01
2.353333333333333388e-01
2.353333333333333388e-01
2.353333333333333388e-01
2.353333333333333388e-01
2.353333333333333388e-01
2.353333333333333388e-01
2.353333333333333388e-01
2.353333333333333388e-01
2.353333333333333388e-01
2.353333333333333388e-01
2.353333333333333388e-01
2.353333333333333388e-01
2.353333333333333388e-01
2.353333333333333388e-01
2.353333333333333388e-01
2.353333333333333388e-01
2.353333333333333388e-01
2.353333333333333388e-01
2.353333333333333388e-01
2.353333333333333388e-01
2.353333333333333388e-01
2.353333333333333388e-01
2.353333333333333388e-01
2.353333333333333388e-01
2.353333333333333388e-01
2.353333333333333388e-01
2.353333333333333388e-01
2.353333333333333388e-01
2.353333333333333388e-01
2.353333333333333388e-01
2.349999999999999867e-01
2.349999999999999867e-01
2.349999999999999867e-01
2.349999999999999867e-01
2.349999999999999867e-01
2.349999999999999867e-01
2.349999999999999867e-01
2.349999999999999867e-01
2.349999999999999867e-01
2.349999999999999867e-01
2.349999999999999867e-01
2.349999999999999867e-01
2.349999999999999867e-01
2.349999999999999867e-01
2.346666666666666623e-01
2.346666666666666623e-01
2.346666666666666623e-01
2.346666666666666623e-01
2.346666666666666623e-01
2.346666666666666623e-01
2.346666666666666623e-01
2.346666666666666623e-01
2.346666666666666623e-01
2.346666666666666623e-01
2.346666666666666623e-01
2.346666666666666623e-01
2.346666666666666623e-01
2.346666666666666623e-01
2.346666666666666623e-01
2.346666666666666623e-01
2.346666666666666623e-01
2.346666666666666623e-01
2.346666666666666623e-01
2.346666666666666623e-01
2.346666666666666623e-01
2.346666666666666623e-01
2.346666666666666623e-01
2.346666666666666623e-01
2.346666666666666623e-01
2.346666666666666623e-01
2.346666666666666623e-01
2.346666666666666623e-01
2.346666666666666623e-01
2.346666666666666623e-01
2.346666666666666623e-01
2.346666666666666623e-01
2.346666666666666623e-01
2.346666666666666623e-01
2.346666666666666623e-01
2.346666666666666623e-01
2.346666666666666623e-01
2.346666666666666623e-01
2.346666666666666623e-01
2.346666666666666623e-01
2.346666666666666623e-01
2.346666666666666623e-01
2.346666666666666623e-01
2.346666666666666623e-01
2.346666666666666623e-01
2.346666666666666623e-01
2.346666666666666623e-01
2.346666666666666623e-01
2.346666666666666623e-01
2.346666666666666623e-01
2.346666666666666623e-01
2.346666666666666623e-01
