2.313333333333333353e-01
2.313333333333333353e-01
2.313333333333333353e-01
2.313333333333333353e-01
2.313333333333333353e-01
2.313333333333333353e-01
2.313333333333333353e-01
2.313333333333333353e-01
2.313333333333333353e-01
2.313333333333333353e-01
2.313333333333333353e-01
2.313333333333333353e-01
2.313333333333333353e-01
2.313333333333333353e-01
2.313333333333333353e-01
2.313333333333333353e-01
2.313333333333333353e-01
2.313333333333333353e-01
2.306666666666666587e-01
2.293333333333333335e-01
2.293333333333333335e-01
2.290000000000000091e-01
2.290000000000000091e-01
2.286666666666666570e-01
2.286666666666666570e-01
2.273333333333333317e-01
2.266666666666666552e-01
2.266666666666666552e-01
2.260000000000000064e-01
2.243333333333333290e-01
2.233333333333333282e-01
2.226666666666666794e-01
2.220000000000000029e-01
2.213333333333333264e-01
2.200000000000000011e-01
2.186666666666666758e-01
2.169999999999999984e-01
2.146666666666666723e-01
2.133333333333333470e-01
2.113333333333333452e-01
2.099999999999999922e-01
2.093333333333333435e-01
2.083333333333333426e-01
2.079999999999999905e-01
2.069999999999999896e-01
2.053333333333333399e-01
2.043333333333333390e-01
2.039999999999999869e-01
2.030000000000000138e-01
2.026666666666666616e-01
2.023333333333333373e-01
2.016666666666666607e-01
2.013333333333333364e-01
1.996666666666666590e-01
1.966666666666666563e-01
1.953333333333333310e-01
1.950000000000000067e-01
1.936666666666666536e-01
1.923333333333333284e-01
1.910000000000000031e-01
1.900000000000000022e-01
1.896666666666666778e-01
1.896666666666666778e-01
1.896666666666666778e-01
1.886666666666666770e-01
1.883333333333333248e-01
1.869999999999999996e-01
1.866666666666666752e-01
1.866666666666666752e-01
1.863333333333333230e-01
1.859999999999999987e-01
1.853333333333333222e-01
1.839999999999999969e-01
1.833333333333333204e-01
1.833333333333333204e-01
1.823333333333333195e-01
1.813333333333333464e-01
1.809999999999999942e-01
1.803333333333333455e-01
1.803333333333333455e-01
1.796666666666666690e-01
1.793333333333333446e-01
1.786666666666666681e-01
1.779999999999999916e-01
1.773333333333333428e-01
1.773333333333333428e-01
1.769999999999999907e-01
1.766666666666666663e-01
1.766666666666666663e-01
1.763333333333333419e-01
1.759999999999999898e-01
1.756666666666666654e-01
1.749999999999999889e-01
1.749999999999999889e-01
1.746666666666666645e-01
1.733333333333333393e-01
1.729999999999999871e-01
1.716666666666666619e-01
1.710000000000000131e-01
1.700000000000000122e-01
1.700000000000000122e-01
1.700000000000000122e-01
1.696666666666666601e-01
1.686666666666666592e-01
1.686666666666666592e-01
1.683333333333333348e-01
1.683333333333333348e-01
1.680000000000000104e-01
1.670000000000000095e-01
1.660000000000000087e-01
1.660000000000000087e-01
1.656666666666666565e-01
1.650000000000000078e-01
1.646666666666666556e-01
1.640000000000000069e-01
1.640000000000000069e-01
1.633333333333333304e-01
1.623333333333333295e-01
1.616666666666666530e-01
1.606666666666666798e-01
1.600000000000000033e-01
1.596666666666666790e-01
1.596666666666666790e-01
1.586666666666666781e-01
1.580000000000000016e-01
1.570000000000000007e-01
1.553333333333333233e-01
1.546666666666666745e-01
1.539999999999999980e-01
1.526666666666666727e-01
1.523333333333333206e-01
1.519999999999999962e-01
1.519999999999999962e-01
1.516666666666666718e-01
1.513333333333333197e-01
1.506666666666666710e-01
1.496666666666666701e-01
1.493333333333333457e-01
1.489999999999999936e-01
1.479999999999999927e-01
1.476666666666666683e-01
1.469999999999999918e-01
1.463333333333333430e-01
1.459999999999999909e-01
1.456666666666666665e-01
1.449999999999999900e-01
1.436666666666666647e-01
1.433333333333333404e-01
1.429999999999999882e-01
1.426666666666666639e-01
1.419999999999999873e-01
1.409999999999999865e-01
1.406666666666666621e-01
1.406666666666666621e-01
1.400000000000000133e-01
1.393333333333333368e-01
1.386666666666666603e-01
1.386666666666666603e-01
1.383333333333333359e-01
1.370000000000000107e-01
1.366666666666666585e-01
1.366666666666666585e-01
1.366666666666666585e-01
1.360000000000000098e-01
1.360000000000000098e-01
1.360000000000000098e-01
1.356666666666666576e-01
1.356666666666666576e-01
1.356666666666666576e-01
1.356666666666666576e-01
1.346666666666666567e-01
1.346666666666666567e-01
1.340000000000000080e-01
1.326666666666666550e-01
1.326666666666666550e-01
1.320000000000000062e-01
1.310000000000000053e-01
1.306666666666666532e-01
1.303333333333333288e-01
1.296666666666666801e-01
1.293333333333333279e-01
1.293333333333333279e-01
1.290000000000000036e-01
1.280000000000000027e-01
1.276666666666666783e-01
1.276666666666666783e-01
1.270000000000000018e-01
1.266666666666666774e-01
1.266666666666666774e-01
1.266666666666666774e-01
1.263333333333333253e-01
1.253333333333333244e-01
1.253333333333333244e-01
1.253333333333333244e-01
1.253333333333333244e-01
1.253333333333333244e-01
1.253333333333333244e-01
1.250000000000000000e-01
1.246666666666666617e-01
1.243333333333333374e-01
1.243333333333333374e-01
1.243333333333333374e-01
1.239999999999999991e-01
1.236666666666666609e-01
1.236666666666666609e-01
1.236666666666666609e-01
1.233333333333333365e-01
1.229999999999999982e-01
1.223333333333333356e-01
1.216666666666666730e-01
1.213333333333333347e-01
1.206666666666666721e-01
1.199999999999999956e-01
1.196666666666666712e-01
1.189999999999999947e-01
1.186666666666666703e-01
1.179999999999999938e-01
1.179999999999999938e-01
1.176666666666666694e-01
1.170000000000000068e-01
1.166666666666666685e-01
1.160000000000000059e-01
1.153333333333333294e-01
1.150000000000000050e-01
1.146666666666666667e-01
1.146666666666666667e-01
1.136666666666666659e-01
1.136666666666666659e-01
1.133333333333333276e-01
1.133333333333333276e-01
1.123333333333333267e-01
1.123333333333333267e-01
1.123333333333333267e-01
1.116666666666666641e-01
1.113333333333333397e-01
1.106666666666666632e-01
1.106666666666666632e-01
1.106666666666666632e-01
1.106666666666666632e-01
1.103333333333333388e-01
1.103333333333333388e-01
1.100000000000000006e-01
1.100000000000000006e-01
1.100000000000000006e-01
1.096666666666666623e-01
1.096666666666666623e-01
1.096666666666666623e-01
1.096666666666666623e-01
1.093333333333333379e-01
1.093333333333333379e-01
1.089999999999999997e-01
1.089999999999999997e-01
1.089999999999999997e-01
1.086666666666666614e-01
1.083333333333333370e-01
1.073333333333333361e-01
1.073333333333333361e-01
1.073333333333333361e-01
1.073333333333333361e-01
1.063333333333333353e-01
1.059999999999999970e-01
1.056666666666666726e-01
1.056666666666666726e-01
1.056666666666666726e-01
1.053333333333333344e-01
1.049999999999999961e-01
1.043333333333333335e-01
1.036666666666666708e-01
1.036666666666666708e-01
1.029999999999999943e-01
1.029999999999999943e-01
1.029999999999999943e-01
1.029999999999999943e-01
1.029999999999999943e-01
1.019999999999999934e-01
1.019999999999999934e-01
1.006666666666666682e-01
1.006666666666666682e-01
1.003333333333333299e-01
1.003333333333333299e-01
1.000000000000000056e-01
1.000000000000000056e-01
1.000000000000000056e-01
9.966666666666666730e-02
9.966666666666666730e-02
9.833333333333332815e-02
9.833333333333332815e-02
9.833333333333332815e-02
9.833333333333332815e-02
9.833333333333332815e-02
9.800000000000000377e-02
9.800000000000000377e-02
9.800000000000000377e-02
9.800000000000000377e-02
9.800000000000000377e-02
9.800000000000000377e-02
9.800000000000000377e-02
9.766666666666666552e-02
9.733333333333332726e-02
9.733333333333332726e-02
9.733333333333332726e-02
9.733333333333332726e-02
9.700000000000000289e-02
9.666666666666666463e-02
9.600000000000000200e-02
9.566666666666666374e-02
9.566666666666666374e-02
9.566666666666666374e-02
9.566666666666666374e-02
9.566666666666666374e-02
9.533333333333333937e-02
9.533333333333333937e-02
9.533333333333333937e-02
9.500000000000000111e-02
9.500000000000000111e-02
9.466666666666666285e-02
9.400000000000000022e-02
9.400000000000000022e-02
9.400000000000000022e-02
9.366666666666666197e-02
9.299999999999999933e-02
9.299999999999999933e-02
9.266666666666666108e-02
9.266666666666666108e-02
9.233333333333333670e-02
9.233333333333333670e-02
9.199999999999999845e-02
9.199999999999999845e-02
9.199999999999999845e-02
9.166666666666666019e-02
9.133333333333333581e-02
9.099999999999999756e-02
9.099999999999999756e-02
9.066666666666667318e-02
9.033333333333333492e-02
9.033333333333333492e-02
9.033333333333333492e-02
9.033333333333333492e-02
9.033333333333333492e-02
9.033333333333333492e-02
8.999999999999999667e-02
8.966666666666667229e-02
8.933333333333333404e-02
8.933333333333333404e-02
8.933333333333333404e-02
8.866666666666667140e-02
8.866666666666667140e-02
8.799999999999999489e-02
8.799999999999999489e-02
8.766666666666667052e-02
8.699999999999999400e-02
8.699999999999999400e-02
8.666666666666666963e-02
8.666666666666666963e-02
8.666666666666666963e-02
8.666666666666666963e-02
8.633333333333333137e-02
8.599999999999999312e-02
8.599999999999999312e-02
8.599999999999999312e-02
8.566666666666666874e-02
8.533333333333333048e-02
8.533333333333333048e-02
8.533333333333333048e-02
8.533333333333333048e-02
8.533333333333333048e-02
8.533333333333333048e-02
8.533333333333333048e-02
8.533333333333333048e-02
8.533333333333333048e-02
8.500000000000000611e-02
8.466666666666666785e-02
8.433333333333332960e-02
8.433333333333332960e-02
8.433333333333332960e-02
8.400000000000000522e-02
8.400000000000000522e-02
8.366666666666666696e-02
8.366666666666666696e-02
8.366666666666666696e-02
8.366666666666666696e-02
8.366666666666666696e-02
8.366666666666666696e-02
8.366666666666666696e-02
8.366666666666666696e-02
8.366666666666666696e-02
8.300000000000000433e-02
8.300000000000000433e-02
8.300000000000000433e-02
8.300000000000000433e-02
8.266666666666666607e-02
8.266666666666666607e-02
8.266666666666666607e-02
8.233333333333332782e-02
8.200000000000000344e-02
8.133333333333332693e-02
8.133333333333332693e-02
8.133333333333332693e-02
8.133333333333332693e-02
8.100000000000000255e-02
8.100000000000000255e-02
8.100000000000000255e-02
8.100000000000000255e-02
8.100000000000000255e-02
8.100000000000000255e-02
8.100000000000000255e-02
8.100000000000000255e-02
8.066666666666666430e-02
8.066666666666666430e-02
8.000000000000000167e-02
8.000000000000000167e-02
7.933333333333333903e-02
7.933333333333333903e-02
7.933333333333333903e-02
7.900000000000000078e-02
7.900000000000000078e-02
7.833333333333333814e-02
7.833333333333333814e-02
7.833333333333333814e-02
7.833333333333333814e-02
7.833333333333333814e-02
7.833333333333333814e-02
7.833333333333333814e-02
7.833333333333333814e-02
7.799999999999999989e-02
7.799999999999999989e-02
7.766666666666666163e-02
7.733333333333333726e-02
7.699999999999999900e-02
7.699999999999999900e-02
7.666666666666666075e-02
7.666666666666666075e-02
7.666666666666666075e-02
7.666666666666666075e-02
7.633333333333333637e-02
7.599999999999999811e-02
7.599999999999999811e-02
7.599999999999999811e-02
7.599999999999999811e-02
7.533333333333333548e-02
7.499999999999999722e-02
7.499999999999999722e-02
7.499999999999999722e-02
7.499999999999999722e-02
7.399999999999999634e-02
7.399999999999999634e-02
7.399999999999999634e-02
7.399999999999999634e-02
7.399999999999999634e-02
7.399999999999999634e-02
7.366666666666667196e-02
7.366666666666667196e-02
7.366666666666667196e-02
7.366666666666667196e-02
7.366666666666667196e-02
7.333333333333333370e-02
7.333333333333333370e-02
7.333333333333333370e-02
7.333333333333333370e-02
7.299999999999999545e-02
7.299999999999999545e-02
7.266666666666667107e-02
7.266666666666667107e-02
7.266666666666667107e-02
7.266666666666667107e-02
7.266666666666667107e-02
7.266666666666667107e-02
7.233333333333333282e-02
7.199999999999999456e-02
7.166666666666667018e-02
7.133333333333333193e-02
7.133333333333333193e-02
7.133333333333333193e-02
7.133333333333333193e-02
7.133333333333333193e-02
7.099999999999999367e-02
7.066666666666666929e-02
7.066666666666666929e-02
7.066666666666666929e-02
7.066666666666666929e-02
7.066666666666666929e-02
7.000000000000000666e-02
7.000000000000000666e-02
7.000000000000000666e-02
6.966666666666666841e-02
6.966666666666666841e-02
6.900000000000000577e-02
6.900000000000000577e-02
6.900000000000000577e-02
6.900000000000000577e-02
6.866666666666666752e-02
6.866666666666666752e-02
6.866666666666666752e-02
6.800000000000000488e-02
6.800000000000000488e-02
6.766666666666666663e-02
6.733333333333332837e-02
6.733333333333332837e-02
6.700000000000000400e-02
6.700000000000000400e-02
6.700000000000000400e-02
6.666666666666666574e-02
6.633333333333332749e-02
6.633333333333332749e-02
6.633333333333332749e-02
6.633333333333332749e-02
6.633333333333332749e-02
6.633333333333332749e-02
6.633333333333332749e-02
6.633333333333332749e-02
6.633333333333332749e-02
6.600000000000000311e-02
6.600000000000000311e-02
6.566666666666666485e-02
6.566666666666666485e-02
6.566666666666666485e-02
6.533333333333332660e-02
6.500000000000000222e-02
6.500000000000000222e-02
6.500000000000000222e-02
6.466666666666666397e-02
6.466666666666666397e-02
6.466666666666666397e-02
6.433333333333333959e-02
6.433333333333333959e-02
6.433333333333333959e-02
6.400000000000000133e-02
6.400000000000000133e-02
6.366666666666666308e-02
6.366666666666666308e-02
6.333333333333333870e-02
6.333333333333333870e-02
6.333333333333333870e-02
6.333333333333333870e-02
6.333333333333333870e-02
6.300000000000000044e-02
6.300000000000000044e-02
6.266666666666666219e-02
6.266666666666666219e-02
6.233333333333333087e-02
6.233333333333333087e-02
6.199999999999999956e-02
6.166666666666666824e-02
6.166666666666666824e-02
6.166666666666666824e-02
6.166666666666666824e-02
6.133333333333332998e-02
6.099999999999999867e-02
6.099999999999999867e-02
6.099999999999999867e-02
6.099999999999999867e-02
6.066666666666666735e-02
6.033333333333333603e-02
6.033333333333333603e-02
6.033333333333333603e-02
6.033333333333333603e-02
6.033333333333333603e-02
6.033333333333333603e-02
5.999999999999999778e-02
5.966666666666666646e-02
5.966666666666666646e-02
5.966666666666666646e-02
5.966666666666666646e-02
5.966666666666666646e-02
5.966666666666666646e-02
5.966666666666666646e-02
5.966666666666666646e-02
5.933333333333333515e-02
5.933333333333333515e-02
5.933333333333333515e-02
5.933333333333333515e-02
5.933333333333333515e-02
5.899999999999999689e-02
5.866666666666666557e-02
5.866666666666666557e-02
5.866666666666666557e-02
5.866666666666666557e-02
5.866666666666666557e-02
5.866666666666666557e-02
5.866666666666666557e-02
5.866666666666666557e-02
5.833333333333333426e-02
5.833333333333333426e-02
5.833333333333333426e-02
5.833333333333333426e-02
5.833333333333333426e-02
5.833333333333333426e-02
5.833333333333333426e-02
5.800000000000000294e-02
5.766666666666666469e-02
5.733333333333333337e-02
5.733333333333333337e-02
5.733333333333333337e-02
5.733333333333333337e-02
5.733333333333333337e-02
5.733333333333333337e-02
5.733333333333333337e-02
5.733333333333333337e-02
5.733333333333333337e-02
5.733333333333333337e-02
5.733333333333333337e-02
5.733333333333333337e-02
5.733333333333333337e-02
5.733333333333333337e-02
5.733333333333333337e-02
5.700000000000000205e-02
5.700000000000000205e-02
5.666666666666666380e-02
5.666666666666666380e-02
5.666666666666666380e-02
5.633333333333333248e-02
5.633333333333333248e-02
5.633333333333333248e-02
5.600000000000000117e-02
5.600000000000000117e-02
5.600000000000000117e-02
5.600000000000000117e-02
5.566666666666666985e-02
5.566666666666666985e-02
5.566666666666666985e-02
5.566666666666666985e-02
5.533333333333333159e-02
5.533333333333333159e-02
5.533333333333333159e-02
5.533333333333333159e-02
5.533333333333333159e-02
5.533333333333333159e-02
5.500000000000000028e-02
5.500000000000000028e-02
5.500000000000000028e-02
5.500000000000000028e-02
5.500000000000000028e-02
5.466666666666666896e-02
5.433333333333333071e-02
5.433333333333333071e-02
5.433333333333333071e-02
5.433333333333333071e-02
5.433333333333333071e-02
5.399999999999999939e-02
5.399999999999999939e-02
5.366666666666666807e-02
5.366666666666666807e-02
5.366666666666666807e-02
5.299999999999999850e-02
5.299999999999999850e-02
5.299999999999999850e-02
5.299999999999999850e-02
5.299999999999999850e-02
5.299999999999999850e-02
5.299999999999999850e-02
5.299999999999999850e-02
5.299999999999999850e-02
5.299999999999999850e-02
5.299999999999999850e-02
5.299999999999999850e-02
5.299999999999999850e-02
5.299999999999999850e-02
5.299999999999999850e-02
5.266666666666666718e-02
5.266666666666666718e-02
5.266666666666666718e-02
5.266666666666666718e-02
5.266666666666666718e-02
5.266666666666666718e-02
5.266666666666666718e-02
5.266666666666666718e-02
5.266666666666666718e-02
5.233333333333333587e-02
5.199999999999999761e-02
5.199999999999999761e-02
5.199999999999999761e-02
5.199999999999999761e-02
5.199999999999999761e-02
5.199999999999999761e-02
5.166666666666666630e-02
5.166666666666666630e-02
5.166666666666666630e-02
5.166666666666666630e-02
5.166666666666666630e-02
5.166666666666666630e-02
5.166666666666666630e-02
5.099999999999999672e-02
5.066666666666666541e-02
5.066666666666666541e-02
5.066666666666666541e-02
5.066666666666666541e-02
5.033333333333333409e-02
5.033333333333333409e-02
5.033333333333333409e-02
5.033333333333333409e-02
5.033333333333333409e-02
5.033333333333333409e-02
5.000000000000000278e-02
5.000000000000000278e-02
5.000000000000000278e-02
5.000000000000000278e-02
5.000000000000000278e-02
5.000000000000000278e-02
5.000000000000000278e-02
4.933333333333333320e-02
4.933333333333333320e-02
4.900000000000000189e-02
4.900000000000000189e-02
4.900000000000000189e-02
4.900000000000000189e-02
4.900000000000000189e-02
4.900000000000000189e-02
4.900000000000000189e-02
4.900000000000000189e-02
4.900000000000000189e-02
4.866666666666666363e-02
4.866666666666666363e-02
4.866666666666666363e-02
4.866666666666666363e-02
4.866666666666666363e-02
4.866666666666666363e-02
4.866666666666666363e-02
4.833333333333333232e-02
4.833333333333333232e-02
4.833333333333333232e-02
4.833333333333333232e-02
4.833333333333333232e-02
4.833333333333333232e-02
4.800000000000000100e-02
4.800000000000000100e-02
4.800000000000000100e-02
4.800000000000000100e-02
4.800000000000000100e-02
4.800000000000000100e-02
4.733333333333333143e-02
4.700000000000000011e-02
4.700000000000000011e-02
4.700000000000000011e-02
4.700000000000000011e-02
4.666666666666666879e-02
4.666666666666666879e-02
4.666666666666666879e-02
4.666666666666666879e-02
4.666666666666666879e-02
4.666666666666666879e-02
4.666666666666666879e-02
4.666666666666666879e-02
4.666666666666666879e-02
4.666666666666666879e-02
4.666666666666666879e-02
4.666666666666666879e-02
4.633333333333333054e-02
4.633333333333333054e-02
4.633333333333333054e-02
4.633333333333333054e-02
4.633333333333333054e-02
4.633333333333333054e-02
4.633333333333333054e-02
4.633333333333333054e-02
4.633333333333333054e-02
4.633333333333333054e-02
4.599999999999999922e-02
4.599999999999999922e-02
4.599999999999999922e-02
4.599999999999999922e-02
4.599999999999999922e-02
4.599999999999999922e-02
4.599999999999999922e-02
4.599999999999999922e-02
4.566666666666666791e-02
4.566666666666666791e-02
4.566666666666666791e-02
4.566666666666666791e-02
4.566666666666666791e-02
4.566666666666666791e-02
4.566666666666666791e-02
4.566666666666666791e-02
4.566666666666666791e-02
4.566666666666666791e-02
4.566666666666666791e-02
4.566666666666666791e-02
4.566666666666666791e-02
4.533333333333333659e-02
4.533333333333333659e-02
4.533333333333333659e-02
4.533333333333333659e-02
4.533333333333333659e-02
4.499999999999999833e-02
4.499999999999999833e-02
4.499999999999999833e-02
4.499999999999999833e-02
4.499999999999999833e-02
4.466666666666666702e-02
4.466666666666666702e-02
4.466666666666666702e-02
4.466666666666666702e-02
4.466666666666666702e-02
4.466666666666666702e-02
4.466666666666666702e-02
4.466666666666666702e-02
4.466666666666666702e-02
4.466666666666666702e-02
4.466666666666666702e-02
4.466666666666666702e-02
4.466666666666666702e-02
4.466666666666666702e-02
4.466666666666666702e-02
4.466666666666666702e-02
4.466666666666666702e-02
4.466666666666666702e-02
4.466666666666666702e-02
4.466666666666666702e-02
4.433333333333333570e-02
4.399999999999999745e-02
4.399999999999999745e-02
4.333333333333333481e-02
4.333333333333333481e-02
4.333333333333333481e-02
4.299999999999999656e-02
4.299999999999999656e-02
4.299999999999999656e-02
4.299999999999999656e-02
4.299999999999999656e-02
4.299999999999999656e-02
4.299999999999999656e-02
4.266666666666666524e-02
4.266666666666666524e-02
4.266666666666666524e-02
4.266666666666666524e-02
4.266666666666666524e-02
4.266666666666666524e-02
4.266666666666666524e-02
4.266666666666666524e-02
4.266666666666666524e-02
4.266666666666666524e-02
4.233333333333333393e-02
4.233333333333333393e-02
4.233333333333333393e-02
4.200000000000000261e-02
4.166666666666666435e-02
4.133333333333333304e-02
4.133333333333333304e-02
4.100000000000000172e-02
4.100000000000000172e-02
4.100000000000000172e-02
4.100000000000000172e-02
4.066666666666666347e-02
4.066666666666666347e-02
4.066666666666666347e-02
4.066666666666666347e-02
4.066666666666666347e-02
4.066666666666666347e-02
4.033333333333333215e-02
4.033333333333333215e-02
4.033333333333333215e-02
4.033333333333333215e-02
4.033333333333333215e-02
4.033333333333333215e-02
4.033333333333333215e-02
4.033333333333333215e-02
4.033333333333333215e-02
4.033333333333333215e-02
4.033333333333333215e-02
4.000000000000000083e-02
4.000000000000000083e-02
4.000000000000000083e-02
4.000000000000000083e-02
4.000000000000000083e-02
3.966666666666666952e-02
3.966666666666666952e-02
3.966666666666666952e-02
3.966666666666666952e-02
3.966666666666666952e-02
3.966666666666666952e-02
3.966666666666666952e-02
3.966666666666666952e-02
3.933333333333333126e-02
3.933333333333333126e-02
3.933333333333333126e-02
3.899999999999999994e-02
3.899999999999999994e-02
3.899999999999999994e-02
3.899999999999999994e-02
3.899999999999999994e-02
3.899999999999999994e-02
3.899999999999999994e-02
3.899999999999999994e-02
3.899999999999999994e-02
3.899999999999999994e-02
3.899999999999999994e-02
3.866666666666666863e-02
3.866666666666666863e-02
3.866666666666666863e-02
3.866666666666666863e-02
3.866666666666666863e-02
3.866666666666666863e-02
3.866666666666666863e-02
3.833333333333333037e-02
3.833333333333333037e-02
3.833333333333333037e-02
3.833333333333333037e-02
3.833333333333333037e-02
3.833333333333333037e-02
3.833333333333333037e-02
3.799999999999999906e-02
3.799999999999999906e-02
3.799999999999999906e-02
3.799999999999999906e-02
3.799999999999999906e-02
3.799999999999999906e-02
3.799999999999999906e-02
3.799999999999999906e-02
3.799999999999999906e-02
3.799999999999999906e-02
3.766666666666666774e-02
3.733333333333333642e-02
3.733333333333333642e-02
3.733333333333333642e-02
3.733333333333333642e-02
3.733333333333333642e-02
3.733333333333333642e-02
3.733333333333333642e-02
3.733333333333333642e-02
3.733333333333333642e-02
3.733333333333333642e-02
3.733333333333333642e-02
3.733333333333333642e-02
3.733333333333333642e-02
3.733333333333333642e-02
3.733333333333333642e-02
3.733333333333333642e-02
3.733333333333333642e-02
3.733333333333333642e-02
3.733333333333333642e-02
3.733333333333333642e-02
3.733333333333333642e-02
3.733333333333333642e-02
3.733333333333333642e-02
3.733333333333333642e-02
3.733333333333333642e-02
3.733333333333333642e-02
3.699999999999999817e-02
3.699999999999999817e-02
3.666666666666666685e-02
3.666666666666666685e-02
3.633333333333333554e-02
3.633333333333333554e-02
3.599999999999999728e-02
3.599999999999999728e-02
3.599999999999999728e-02
3.566666666666666596e-02
3.533333333333333465e-02
3.533333333333333465e-02
3.533333333333333465e-02
3.533333333333333465e-02
3.533333333333333465e-02
3.533333333333333465e-02
3.533333333333333465e-02
3.533333333333333465e-02
3.533333333333333465e-02
3.533333333333333465e-02
3.533333333333333465e-02
3.533333333333333465e-02
3.533333333333333465e-02
3.533333333333333465e-02
3.533333333333333465e-02
3.533333333333333465e-02
3.533333333333333465e-02
3.500000000000000333e-02
3.500000000000000333e-02
3.500000000000000333e-02
3.500000000000000333e-02
3.500000000000000333e-02
3.500000000000000333e-02
3.466666666666666508e-02
3.466666666666666508e-02
3.466666666666666508e-02
3.433333333333333376e-02
3.433333333333333376e-02
3.433333333333333376e-02
3.433333333333333376e-02
3.433333333333333376e-02
3.400000000000000244e-02
3.400000000000000244e-02
3.400000000000000244e-02
3.366666666666666419e-02
3.366666666666666419e-02
3.333333333333333287e-02
3.333333333333333287e-02
3.333333333333333287e-02
3.333333333333333287e-02
3.333333333333333287e-02
3.333333333333333287e-02
3.333333333333333287e-02
3.333333333333333287e-02
3.333333333333333287e-02
3.333333333333333287e-02
3.333333333333333287e-02
3.333333333333333287e-02
3.333333333333333287e-02
3.300000000000000155e-02
3.300000000000000155e-02
3.266666666666666330e-02
3.233333333333333198e-02
3.233333333333333198e-02
3.233333333333333198e-02
3.233333333333333198e-02
3.233333333333333198e-02
3.233333333333333198e-02
3.233333333333333198e-02
3.233333333333333198e-02
3.233333333333333198e-02
3.233333333333333198e-02
3.200000000000000067e-02
3.200000000000000067e-02
3.200000000000000067e-02
3.200000000000000067e-02
3.166666666666666935e-02
3.166666666666666935e-02
3.166666666666666935e-02
3.133333333333333109e-02
3.133333333333333109e-02
3.133333333333333109e-02
3.133333333333333109e-02
3.133333333333333109e-02
3.133333333333333109e-02
3.133333333333333109e-02
3.133333333333333109e-02
3.133333333333333109e-02
3.133333333333333109e-02
3.133333333333333109e-02
3.133333333333333109e-02
3.133333333333333109e-02
3.133333333333333109e-02
3.099999999999999978e-02
3.099999999999999978e-02
3.099999999999999978e-02
3.099999999999999978e-02
3.099999999999999978e-02
3.066666666666666499e-02
3.066666666666666499e-02
3.066666666666666499e-02
3.066666666666666499e-02
3.066666666666666499e-02
3.066666666666666499e-02
3.066666666666666499e-02
3.066666666666666499e-02
3.066666666666666499e-02
3.066666666666666499e-02
3.066666666666666499e-02
3.066666666666666499e-02
3.066666666666666499e-02
3.066666666666666499e-02
3.066666666666666499e-02
3.066666666666666499e-02
3.033333333333333368e-02
3.033333333333333368e-02
3.033333333333333368e-02
3.033333333333333368e-02
3.033333333333333368e-02
3.033333333333333368e-02
3.033333333333333368e-02
3.033333333333333368e-02
3.033333333333333368e-02
3.033333333333333368e-02
3.033333333333333368e-02
3.033333333333333368e-02
3.033333333333333368e-02
3.033333333333333368e-02
3.033333333333333368e-02
3.033333333333333368e-02
3.033333333333333368e-02
3.033333333333333368e-02
2.999999999999999889e-02
2.999999999999999889e-02
2.999999999999999889e-02
2.999999999999999889e-02
2.999999999999999889e-02
2.999999999999999889e-02
2.999999999999999889e-02
2.999999999999999889e-02
2.999999999999999889e-02
2.999999999999999889e-02
2.999999999999999889e-02
2.999999999999999889e-02
2.999999999999999889e-02
2.966666666666666757e-02
2.933333333333333279e-02
2.933333333333333279e-02
2.933333333333333279e-02
2.933333333333333279e-02
2.900000000000000147e-02
2.900000000000000147e-02
2.900000000000000147e-02
2.900000000000000147e-02
2.900000000000000147e-02
2.866666666666666669e-02
2.833333333333333190e-02
2.833333333333333190e-02
2.833333333333333190e-02
2.800000000000000058e-02
2.800000000000000058e-02
2.800000000000000058e-02
2.800000000000000058e-02
2.800000000000000058e-02
2.800000000000000058e-02
2.800000000000000058e-02
2.800000000000000058e-02
2.800000000000000058e-02
2.766666666666666580e-02
2.766666666666666580e-02
2.733333333333333448e-02
2.733333333333333448e-02
2.699999999999999969e-02
2.699999999999999969e-02
2.699999999999999969e-02
2.699999999999999969e-02
2.699999999999999969e-02
2.699999999999999969e-02
2.699999999999999969e-02
2.699999999999999969e-02
2.699999999999999969e-02
2.699999999999999969e-02
2.699999999999999969e-02
2.699999999999999969e-02
2.699999999999999969e-02
2.699999999999999969e-02
2.699999999999999969e-02
2.699999999999999969e-02
2.666666666666666838e-02
2.666666666666666838e-02
2.633333333333333359e-02
2.633333333333333359e-02
2.633333333333333359e-02
2.633333333333333359e-02
2.633333333333333359e-02
2.633333333333333359e-02
2.633333333333333359e-02
2.633333333333333359e-02
2.633333333333333359e-02
2.633333333333333359e-02
2.633333333333333359e-02
2.633333333333333359e-02
2.633333333333333359e-02
2.633333333333333359e-02
2.633333333333333359e-02
2.633333333333333359e-02
2.633333333333333359e-02
2.633333333333333359e-02
2.633333333333333359e-02
2.633333333333333359e-02
2.633333333333333359e-02
2.633333333333333359e-02
2.633333333333333359e-02
2.633333333333333359e-02
2.633333333333333359e-02
2.633333333333333359e-02
2.633333333333333359e-02
2.633333333333333359e-02
2.633333333333333359e-02
2.633333333333333359e-02
2.633333333333333359e-02
2.633333333333333359e-02
2.633333333333333359e-02
2.633333333333333359e-02
2.633333333333333359e-02
2.633333333333333359e-02
2.633333333333333359e-02
2.633333333333333359e-02
2.633333333333333359e-02
2.633333333333333359e-02
2.633333333333333359e-02
2.633333333333333359e-02
2.633333333333333359e-02
2.599999999999999881e-02
2.599999999999999881e-02
2.599999999999999881e-02
2.599999999999999881e-02
2.599999999999999881e-02
2.599999999999999881e-02
2.599999999999999881e-02
2.566666666666666749e-02
2.566666666666666749e-02
2.566666666666666749e-02
2.533333333333333270e-02
2.533333333333333270e-02
2.533333333333333270e-02
2.533333333333333270e-02
2.533333333333333270e-02
2.533333333333333270e-02
2.533333333333333270e-02
2.533333333333333270e-02
2.533333333333333270e-02
2.533333333333333270e-02
2.466666666666666660e-02
2.466666666666666660e-02
2.466666666666666660e-02
2.466666666666666660e-02
2.466666666666666660e-02
2.466666666666666660e-02
2.466666666666666660e-02
2.466666666666666660e-02
2.466666666666666660e-02
2.466666666666666660e-02
2.466666666666666660e-02
2.466666666666666660e-02
2.466666666666666660e-02
2.466666666666666660e-02
2.466666666666666660e-02
2.466666666666666660e-02
2.466666666666666660e-02
2.466666666666666660e-02
2.466666666666666660e-02
2.466666666666666660e-02
2.466666666666666660e-02
2.466666666666666660e-02
2.433333333333333182e-02
2.433333333333333182e-02
2.433333333333333182e-02
2.433333333333333182e-02
2.433333333333333182e-02
2.433333333333333182e-02
2.433333333333333182e-02
2.433333333333333182e-02
2.433333333333333182e-02
2.433333333333333182e-02
2.433333333333333182e-02
2.433333333333333182e-02
2.433333333333333182e-02
2.433333333333333182e-02
2.433333333333333182e-02
2.433333333333333182e-02
2.433333333333333182e-02
2.433333333333333182e-02
2.433333333333333182e-02
2.433333333333333182e-02
2.433333333333333182e-02
2.433333333333333182e-02
2.433333333333333182e-02
2.433333333333333182e-02
2.433333333333333182e-02
2.433333333333333182e-02
2.433333333333333182e-02
2.433333333333333182e-02
2.433333333333333182e-02
2.433333333333333182e-02
2.433333333333333182e-02
2.433333333333333182e-02
2.433333333333333182e-02
2.400000000000000050e-02
2.400000000000000050e-02
2.400000000000000050e-02
2.400000000000000050e-02
2.400000000000000050e-02
2.400000000000000050e-02
2.400000000000000050e-02
2.366666666666666571e-02
2.366666666666666571e-02
2.366666666666666571e-02
2.333333333333333440e-02
2.333333333333333440e-02
2.333333333333333440e-02
2.333333333333333440e-02
2.333333333333333440e-02
2.333333333333333440e-02
2.333333333333333440e-02
2.333333333333333440e-02
2.333333333333333440e-02
2.333333333333333440e-02
2.333333333333333440e-02
2.333333333333333440e-02
2.333333333333333440e-02
2.333333333333333440e-02
2.333333333333333440e-02
2.333333333333333440e-02
2.333333333333333440e-02
2.333333333333333440e-02
2.333333333333333440e-02
2.333333333333333440e-02
2.333333333333333440e-02
2.333333333333333440e-02
2.333333333333333440e-02
2.333333333333333440e-02
2.333333333333333440e-02
2.333333333333333440e-02
2.333333333333333440e-02
2.333333333333333440e-02
2.333333333333333440e-02
2.333333333333333440e-02
2.333333333333333440e-02
2.333333333333333440e-02
2.333333333333333440e-02
2.333333333333333440e-02
2.333333333333333440e-02
2.333333333333333440e-02
2.333333333333333440e-02
2.333333333333333440e-02
2.333333333333333440e-02
2.333333333333333440e-02
2.333333333333333440e-02
2.333333333333333440e-02
2.333333333333333440e-02
2.333333333333333440e-02
2.333333333333333440e-02
2.333333333333333440e-02
2.333333333333333440e-02
2.333333333333333440e-02
2.333333333333333440e-02
2.333333333333333440e-02
2.333333333333333440e-02
2.333333333333333440e-02
2.299999999999999961e-02
2.299999999999999961e-02
2.266666666666666829e-02
2.233333333333333351e-02
2.233333333333333351e-02
2.233333333333333351e-02
2.233333333333333351e-02
2.199999999999999872e-02
2.199999999999999872e-02
2.166666666666666741e-02
2.166666666666666741e-02
2.166666666666666741e-02
2.166666666666666741e-02
2.166666666666666741e-02
2.166666666666666741e-02
2.166666666666666741e-02
2.166666666666666741e-02
2.166666666666666741e-02
2.166666666666666741e-02
2.166666666666666741e-02
2.166666666666666741e-02
2.166666666666666741e-02
2.166666666666666741e-02
2.166666666666666741e-02
2.166666666666666741e-02
2.166666666666666741e-02
2.166666666666666741e-02
2.166666666666666741e-02
2.166666666666666741e-02
2.166666666666666741e-02
2.166666666666666741e-02
2.166666666666666741e-02
2.133333333333333262e-02
2.133333333333333262e-02
2.133333333333333262e-02
2.133333333333333262e-02
2.133333333333333262e-02
2.133333333333333262e-02
2.133333333333333262e-02
2.133333333333333262e-02
2.133333333333333262e-02
2.133333333333333262e-02
2.100000000000000130e-02
2.100000000000000130e-02
2.100000000000000130e-02
2.100000000000000130e-02
2.100000000000000130e-02
2.100000000000000130e-02
2.100000000000000130e-02
2.100000000000000130e-02
2.100000000000000130e-02
2.100000000000000130e-02
2.100000000000000130e-02
2.100000000000000130e-02
2.100000000000000130e-02
2.100000000000000130e-02
2.100000000000000130e-02
2.100000000000000130e-02
2.100000000000000130e-02
2.100000000000000130e-02
2.100000000000000130e-02
2.100000000000000130e-02
2.100000000000000130e-02
2.033333333333333173e-02
2.033333333333333173e-02
2.033333333333333173e-02
2.000000000000000042e-02
2.000000000000000042e-02
2.000000000000000042e-02
2.000000000000000042e-02
2.000000000000000042e-02
2.000000000000000042e-02
2.000000000000000042e-02
2.000000000000000042e-02
2.000000000000000042e-02
2.000000000000000042e-02
2.000000000000000042e-02
2.000000000000000042e-02
1.966666666666666563e-02
1.966666666666666563e-02
1.966666666666666563e-02
1.966666666666666563e-02
1.966666666666666563e-02
1.966666666666666563e-02
1.966666666666666563e-02
1.966666666666666563e-02
1.966666666666666563e-02
1.966666666666666563e-02
1.933333333333333431e-02
1.933333333333333431e-02
1.933333333333333431e-02
1.933333333333333431e-02
1.933333333333333431e-02
1.933333333333333431e-02
1.933333333333333431e-02
1.933333333333333431e-02
1.933333333333333431e-02
1.933333333333333431e-02
1.933333333333333431e-02
1.933333333333333431e-02
1.933333333333333431e-02
1.933333333333333431e-02
1.933333333333333431e-02
1.933333333333333431e-02
1.933333333333333431e-02
1.933333333333333431e-02
1.933333333333333431e-02
1.933333333333333431e-02
1.933333333333333431e-02
1.933333333333333431e-02
1.933333333333333431e-02
1.933333333333333431e-02
1.933333333333333431e-02
1.933333333333333431e-02
1.933333333333333431e-02
1.933333333333333431e-02
1.933333333333333431e-02
1.933333333333333431e-02
1.933333333333333431e-02
1.933333333333333431e-02
1.933333333333333431e-02
1.933333333333333431e-02
1.933333333333333431e-02
1.899999999999999953e-02
1.899999999999999953e-02
1.899999999999999953e-02
1.866666666666666821e-02
1.866666666666666821e-02
1.866666666666666821e-02
1.866666666666666821e-02
1.866666666666666821e-02
1.866666666666666821e-02
1.866666666666666821e-02
1.866666666666666821e-02
1.866666666666666821e-02
1.866666666666666821e-02
1.866666666666666821e-02
1.866666666666666821e-02
1.866666666666666821e-02
1.866666666666666821e-02
1.866666666666666821e-02
1.866666666666666821e-02
1.866666666666666821e-02
1.866666666666666821e-02
1.866666666666666821e-02
1.866666666666666821e-02
1.866666666666666821e-02
1.866666666666666821e-02
1.833333333333333343e-02
1.833333333333333343e-02
1.833333333333333343e-02
1.833333333333333343e-02
1.833333333333333343e-02
1.833333333333333343e-02
1.833333333333333343e-02
1.799999999999999864e-02
1.799999999999999864e-02
1.799999999999999864e-02
1.799999999999999864e-02
1.799999999999999864e-02
1.799999999999999864e-02
1.799999999999999864e-02
1.799999999999999864e-02
1.799999999999999864e-02
1.799999999999999864e-02
1.799999999999999864e-02
1.799999999999999864e-02
1.799999999999999864e-02
1.799999999999999864e-02
1.799999999999999864e-02
1.799999999999999864e-02
1.799999999999999864e-02
1.799999999999999864e-02
1.799999999999999864e-02
1.799999999999999864e-02
1.766666666666666732e-02
1.766666666666666732e-02
1.766666666666666732e-02
1.766666666666666732e-02
1.766666666666666732e-02
1.766666666666666732e-02
1.766666666666666732e-02
1.766666666666666732e-02
1.766666666666666732e-02
1.766666666666666732e-02
1.766666666666666732e-02
1.766666666666666732e-02
1.766666666666666732e-02
1.766666666666666732e-02
1.766666666666666732e-02
1.766666666666666732e-02
1.766666666666666732e-02
1.766666666666666732e-02
1.766666666666666732e-02
1.766666666666666732e-02
1.766666666666666732e-02
1.766666666666666732e-02
1.766666666666666732e-02
1.766666666666666732e-02
1.766666666666666732e-02
1.766666666666666732e-02
1.766666666666666732e-02
1.766666666666666732e-02
1.766666666666666732e-02
1.766666666666666732e-02
1.766666666666666732e-02
1.766666666666666732e-02
1.766666666666666732e-02
1.766666666666666732e-02
1.766666666666666732e-02
1.733333333333333254e-02
1.666666666666666644e-02
1.666666666666666644e-02
1.666666666666666644e-02
1.666666666666666644e-02
1.666666666666666644e-02
1.666666666666666644e-02
1.666666666666666644e-02
1.666666666666666644e-02
1.666666666666666644e-02
1.666666666666666644e-02
1.666666666666666644e-02
1.666666666666666644e-02
1.666666666666666644e-02
1.666666666666666644e-02
1.666666666666666644e-02
1.666666666666666644e-02
1.666666666666666644e-02
1.666666666666666644e-02
1.666666666666666644e-02
1.666666666666666644e-02
1.633333333333333165e-02
1.633333333333333165e-02
1.633333333333333165e-02
1.633333333333333165e-02
1.633333333333333165e-02
1.633333333333333165e-02
1.633333333333333165e-02
1.633333333333333165e-02
1.633333333333333165e-02
1.633333333333333165e-02
1.633333333333333165e-02
1.633333333333333165e-02
1.633333333333333165e-02
1.633333333333333165e-02
1.633333333333333165e-02
1.633333333333333165e-02
1.600000000000000033e-02
1.600000000000000033e-02
1.600000000000000033e-02
1.600000000000000033e-02
1.600000000000000033e-02
1.600000000000000033e-02
1.600000000000000033e-02
1.600000000000000033e-02
1.600000000000000033e-02
1.600000000000000033e-02
1.600000000000000033e-02
1.600000000000000033e-02
1.600000000000000033e-02
1.600000000000000033e-02
1.600000000000000033e-02
1.600000000000000033e-02
1.600000000000000033e-02
1.600000000000000033e-02
1.600000000000000033e-02
1.600000000000000033e-02
1.600000000000000033e-02
1.600000000000000033e-02
1.600000000000000033e-02
1.600000000000000033e-02
1.600000000000000033e-02
1.600000000000000033e-02
1.566666666666666555e-02
1.566666666666666555e-02
1.566666666666666555e-02
1.533333333333333250e-02
1.533333333333333250e-02
1.533333333333333250e-02
1.533333333333333250e-02
1.533333333333333250e-02
1.533333333333333250e-02
1.533333333333333250e-02
1.533333333333333250e-02
1.533333333333333250e-02
1.533333333333333250e-02
1.533333333333333250e-02
1.533333333333333250e-02
1.533333333333333250e-02
1.533333333333333250e-02
1.533333333333333250e-02
1.533333333333333250e-02
1.533333333333333250e-02
1.499999999999999944e-02
1.499999999999999944e-02
1.499999999999999944e-02
1.499999999999999944e-02
1.499999999999999944e-02
1.499999999999999944e-02
1.499999999999999944e-02
1.499999999999999944e-02
1.499999999999999944e-02
1.499999999999999944e-02
1.499999999999999944e-02
1.499999999999999944e-02
1.499999999999999944e-02
1.499999999999999944e-02
1.499999999999999944e-02
1.499999999999999944e-02
1.499999999999999944e-02
1.499999999999999944e-02
1.499999999999999944e-02
1.499999999999999944e-02
1.466666666666666639e-02
1.466666666666666639e-02
1.466666666666666639e-02
1.466666666666666639e-02
1.466666666666666639e-02
1.466666666666666639e-02
1.466666666666666639e-02
1.466666666666666639e-02
1.466666666666666639e-02
1.466666666666666639e-02
1.466666666666666639e-02
1.466666666666666639e-02
1.466666666666666639e-02
1.466666666666666639e-02
1.466666666666666639e-02
1.466666666666666639e-02
1.466666666666666639e-02
1.466666666666666639e-02
1.466666666666666639e-02
1.466666666666666639e-02
1.466666666666666639e-02
1.466666666666666639e-02
1.466666666666666639e-02
1.466666666666666639e-02
1.466666666666666639e-02
1.466666666666666639e-02
1.466666666666666639e-02
1.466666666666666639e-02
1.466666666666666639e-02
1.466666666666666639e-02
1.466666666666666639e-02
1.466666666666666639e-02
1.466666666666666639e-02
1.466666666666666639e-02
1.466666666666666639e-02
1.466666666666666639e-02
1.466666666666666639e-02
1.466666666666666639e-02
1.466666666666666639e-02
1.466666666666666639e-02
1.466666666666666639e-02
1.466666666666666639e-02
1.466666666666666639e-02
1.466666666666666639e-02
1.466666666666666639e-02
1.466666666666666639e-02
1.466666666666666639e-02
1.466666666666666639e-02
1.466666666666666639e-02
1.466666666666666639e-02
1.466666666666666639e-02
1.466666666666666639e-02
1.466666666666666639e-02
1.466666666666666639e-02
1.466666666666666639e-02
1.466666666666666639e-02
1.466666666666666639e-02
1.466666666666666639e-02
1.466666666666666639e-02
1.466666666666666639e-02
1.466666666666666639e-02
1.466666666666666639e-02
1.466666666666666639e-02
1.466666666666666639e-02
1.466666666666666639e-02
1.466666666666666639e-02
1.466666666666666639e-02
1.466666666666666639e-02
1.466666666666666639e-02
1.466666666666666639e-02
1.466666666666666639e-02
1.466666666666666639e-02
1.433333333333333334e-02
1.433333333333333334e-02
1.433333333333333334e-02
1.433333333333333334e-02
1.433333333333333334e-02
1.433333333333333334e-02
1.433333333333333334e-02
1.433333333333333334e-02
1.433333333333333334e-02
1.433333333333333334e-02
1.433333333333333334e-02
1.433333333333333334e-02
1.433333333333333334e-02
1.433333333333333334e-02
1.433333333333333334e-02
1.433333333333333334e-02
1.433333333333333334e-02
1.433333333333333334e-02
1.433333333333333334e-02
1.433333333333333334e-02
1.433333333333333334e-02
1.433333333333333334e-02
1.433333333333333334e-02
1.433333333333333334e-02
1.433333333333333334e-02
1.433333333333333334e-02
1.433333333333333334e-02
1.433333333333333334e-02
1.433333333333333334e-02
1.433333333333333334e-02
1.400000000000000029e-02
1.400000000000000029e-02
1.400000000000000029e-02
1.400000000000000029e-02
1.400000000000000029e-02
1.400000000000000029e-02
1.400000000000000029e-02
1.400000000000000029e-02
1.400000000000000029e-02
1.400000000000000029e-02
1.400000000000000029e-02
1.400000000000000029e-02
1.400000000000000029e-02
1.400000000000000029e-02
1.400000000000000029e-02
1.400000000000000029e-02
1.400000000000000029e-02
1.400000000000000029e-02
1.400000000000000029e-02
1.400000000000000029e-02
1.400000000000000029e-02
1.400000000000000029e-02
1.400000000000000029e-02
1.400000000000000029e-02
1.400000000000000029e-02
1.400000000000000029e-02
1.400000000000000029e-02
1.400000000000000029e-02
1.400000000000000029e-02
1.400000000000000029e-02
1.400000000000000029e-02
1.400000000000000029e-02
1.400000000000000029e-02
1.400000000000000029e-02
1.400000000000000029e-02
1.400000000000000029e-02
1.400000000000000029e-02
1.400000000000000029e-02
1.400000000000000029e-02
1.400000000000000029e-02
1.400000000000000029e-02
1.400000000000000029e-02
1.400000000000000029e-02
1.400000000000000029e-02
1.400000000000000029e-02
1.400000000000000029e-02
1.400000000000000029e-02
1.400000000000000029e-02
1.400000000000000029e-02
1.400000000000000029e-02
1.400000000000000029e-02
1.400000000000000029e-02
1.400000000000000029e-02
1.400000000000000029e-02
1.400000000000000029e-02
1.400000000000000029e-02
1.400000000000000029e-02
1.400000000000000029e-02
1.366666666666666724e-02
1.366666666666666724e-02
1.366666666666666724e-02
1.366666666666666724e-02
1.366666666666666724e-02
1.366666666666666724e-02
1.366666666666666724e-02
1.366666666666666724e-02
1.366666666666666724e-02
1.366666666666666724e-02
1.366666666666666724e-02
1.333333333333333419e-02
1.333333333333333419e-02
1.333333333333333419e-02
1.333333333333333419e-02
1.333333333333333419e-02
1.333333333333333419e-02
1.333333333333333419e-02
1.333333333333333419e-02
1.333333333333333419e-02
1.333333333333333419e-02
1.333333333333333419e-02
1.333333333333333419e-02
1.333333333333333419e-02
1.333333333333333419e-02
1.333333333333333419e-02
1.333333333333333419e-02
1.333333333333333419e-02
1.299999999999999940e-02
1.299999999999999940e-02
1.299999999999999940e-02
1.299999999999999940e-02
1.299999999999999940e-02
1.299999999999999940e-02
1.299999999999999940e-02
1.299999999999999940e-02
1.299999999999999940e-02
1.299999999999999940e-02
1.299999999999999940e-02
1.299999999999999940e-02
1.299999999999999940e-02
1.299999999999999940e-02
1.299999999999999940e-02
1.299999999999999940e-02
1.299999999999999940e-02
1.299999999999999940e-02
1.299999999999999940e-02
1.299999999999999940e-02
1.299999999999999940e-02
1.299999999999999940e-02
1.299999999999999940e-02
1.299999999999999940e-02
1.266666666666666635e-02
1.266666666666666635e-02
1.266666666666666635e-02
1.266666666666666635e-02
1.266666666666666635e-02
1.266666666666666635e-02
1.266666666666666635e-02
1.266666666666666635e-02
1.266666666666666635e-02
1.266666666666666635e-02
1.266666666666666635e-02
1.266666666666666635e-02
1.266666666666666635e-02
1.266666666666666635e-02
1.266666666666666635e-02
1.266666666666666635e-02
1.266666666666666635e-02
1.266666666666666635e-02
1.266666666666666635e-02
1.266666666666666635e-02
1.266666666666666635e-02
1.266666666666666635e-02
1.266666666666666635e-02
1.266666666666666635e-02
1.266666666666666635e-02
1.266666666666666635e-02
1.266666666666666635e-02
1.266666666666666635e-02
1.266666666666666635e-02
1.266666666666666635e-02
1.266666666666666635e-02
1.266666666666666635e-02
1.266666666666666635e-02
1.266666666666666635e-02
1.266666666666666635e-02
1.266666666666666635e-02
1.266666666666666635e-02
1.266666666666666635e-02
1.266666666666666635e-02
1.266666666666666635e-02
1.266666666666666635e-02
1.266666666666666635e-02
1.266666666666666635e-02
1.266666666666666635e-02
1.266666666666666635e-02
1.266666666666666635e-02
1.266666666666666635e-02
1.266666666666666635e-02
1.266666666666666635e-02
1.266666666666666635e-02
1.266666666666666635e-02
1.266666666666666635e-02
1.266666666666666635e-02
1.266666666666666635e-02
1.266666666666666635e-02
1.266666666666666635e-02
1.266666666666666635e-02
1.266666666666666635e-02
1.266666666666666635e-02
1.266666666666666635e-02
1.266666666666666635e-02
1.266666666666666635e-02
1.266666666666666635e-02
1.266666666666666635e-02
1.266666666666666635e-02
1.266666666666666635e-02
1.266666666666666635e-02
1.266666666666666635e-02
1.266666666666666635e-02
1.266666666666666635e-02
1.266666666666666635e-02
1.266666666666666635e-02
1.266666666666666635e-02
1.266666666666666635e-02
1.266666666666666635e-02
1.266666666666666635e-02
1.266666666666666635e-02
1.266666666666666635e-02
1.266666666666666635e-02
1.266666666666666635e-02
1.266666666666666635e-02
1.233333333333333330e-02
1.233333333333333330e-02
1.233333333333333330e-02
1.233333333333333330e-02
1.233333333333333330e-02
1.233333333333333330e-02
1.233333333333333330e-02
1.233333333333333330e-02
1.233333333333333330e-02
1.233333333333333330e-02
1.233333333333333330e-02
1.233333333333333330e-02
1.233333333333333330e-02
1.233333333333333330e-02
1.233333333333333330e-02
1.233333333333333330e-02
1.233333333333333330e-02
1.233333333333333330e-02
1.233333333333333330e-02
1.233333333333333330e-02
1.233333333333333330e-02
1.233333333333333330e-02
1.233333333333333330e-02
1.233333333333333330e-02
1.233333333333333330e-02
1.233333333333333330e-02
1.233333333333333330e-02
1.233333333333333330e-02
1.233333333333333330e-02
1.233333333333333330e-02
1.233333333333333330e-02
1.233333333333333330e-02
1.233333333333333330e-02
1.233333333333333330e-02
1.233333333333333330e-02
1.233333333333333330e-02
1.233333333333333330e-02
1.233333333333333330e-02
1.233333333333333330e-02
1.233333333333333330e-02
1.233333333333333330e-02
1.233333333333333330e-02
1.233333333333333330e-02
1.233333333333333330e-02
1.233333333333333330e-02
1.233333333333333330e-02
1.233333333333333330e-02
1.233333333333333330e-02
1.233333333333333330e-02
1.233333333333333330e-02
1.233333333333333330e-02
1.233333333333333330e-02
1.233333333333333330e-02
1.200000000000000025e-02
1.200000000000000025e-02
1.200000000000000025e-02
1.200000000000000025e-02
1.200000000000000025e-02
1.200000000000000025e-02
1.200000000000000025e-02
1.200000000000000025e-02
1.166666666666666720e-02
1.166666666666666720e-02
1.166666666666666720e-02
1.166666666666666720e-02
1.166666666666666720e-02
1.166666666666666720e-02
1.166666666666666720e-02
1.166666666666666720e-02
1.166666666666666720e-02
1.166666666666666720e-02
1.166666666666666720e-02
1.166666666666666720e-02
1.166666666666666720e-02
1.166666666666666720e-02
1.166666666666666720e-02
1.166666666666666720e-02
1.166666666666666720e-02
1.166666666666666720e-02
1.166666666666666720e-02
1.166666666666666720e-02
1.166666666666666720e-02
1.166666666666666720e-02
1.133333333333333415e-02
1.133333333333333415e-02
1.133333333333333415e-02
1.133333333333333415e-02
1.133333333333333415e-02
