7.686666666666667203e-01
7.686666666666667203e-01
7.686666666666667203e-01
7.686666666666667203e-01
7.686666666666667203e-01
7.686666666666667203e-01
7.686666666666667203e-01
7.686666666666667203e-01
7.686666666666667203e-01
7.686666666666667203e-01
7.686666666666667203e-01
7.686666666666667203e-01
7.686666666666667203e-01
7.686666666666667203e-01
7.686666666666667203e-01
7.686666666666667203e-01
7.686666666666667203e-01
7.686666666666667203e-01
7.686666666666667203e-01
7.686666666666667203e-01
7.686666666666667203e-01
7.686666666666667203e-01
7.686666666666667203e-01
7.686666666666667203e-01
7.686666666666667203e-01
7.686666666666667203e-01
7.686666666666667203e-01
7.686666666666667203e-01
7.686666666666667203e-01
7.686666666666667203e-01
7.686666666666667203e-01
7.683333333333333126e-01
7.680000000000000160e-01
7.676666666666667194e-01
7.676666666666667194e-01
7.676666666666667194e-01
7.673333333333333117e-01
7.670000000000000151e-01
7.670000000000000151e-01
7.670000000000000151e-01
7.670000000000000151e-01
7.670000000000000151e-01
7.670000000000000151e-01
7.670000000000000151e-01
7.670000000000000151e-01
7.670000000000000151e-01
7.670000000000000151e-01
7.670000000000000151e-01
7.670000000000000151e-01
7.670000000000000151e-01
7.670000000000000151e-01
7.670000000000000151e-01
7.670000000000000151e-01
7.666666666666667185e-01
7.666666666666667185e-01
7.666666666666667185e-01
7.666666666666667185e-01
7.666666666666667185e-01
7.666666666666667185e-01
7.663333333333333108e-01
7.663333333333333108e-01
7.663333333333333108e-01
7.663333333333333108e-01
7.663333333333333108e-01
7.663333333333333108e-01
7.663333333333333108e-01
7.663333333333333108e-01
7.663333333333333108e-01
7.663333333333333108e-01
7.660000000000000142e-01
7.660000000000000142e-01
7.660000000000000142e-01
7.660000000000000142e-01
7.656666666666667176e-01
7.656666666666667176e-01
7.656666666666667176e-01
7.653333333333333099e-01
7.653333333333333099e-01
7.653333333333333099e-01
7.653333333333333099e-01
7.650000000000000133e-01
7.650000000000000133e-01
7.650000000000000133e-01
7.650000000000000133e-01
7.643333333333333091e-01
7.643333333333333091e-01
7.643333333333333091e-01
7.643333333333333091e-01
7.643333333333333091e-01
7.643333333333333091e-01
7.640000000000000124e-01
7.640000000000000124e-01
7.640000000000000124e-01
7.636666666666667158e-01
7.633333333333333082e-01
7.633333333333333082e-01
7.630000000000000115e-01
7.630000000000000115e-01
7.630000000000000115e-01
7.630000000000000115e-01
7.626666666666667149e-01
7.623333333333333073e-01
7.623333333333333073e-01
7.623333333333333073e-01
7.623333333333333073e-01
7.623333333333333073e-01
7.623333333333333073e-01
7.620000000000000107e-01
7.620000000000000107e-01
7.620000000000000107e-01
7.620000000000000107e-01
7.620000000000000107e-01
7.620000000000000107e-01
7.620000000000000107e-01
7.620000000000000107e-01
7.620000000000000107e-01
7.620000000000000107e-01
7.620000000000000107e-01
7.620000000000000107e-01
7.620000000000000107e-01
7.620000000000000107e-01
7.620000000000000107e-01
7.620000000000000107e-01
7.620000000000000107e-01
7.620000000000000107e-01
7.620000000000000107e-01
7.616666666666667140e-01
7.613333333333333064e-01
7.613333333333333064e-01
7.610000000000000098e-01
7.610000000000000098e-01
7.610000000000000098e-01
7.610000000000000098e-01
7.610000000000000098e-01
7.610000000000000098e-01
7.610000000000000098e-01
7.610000000000000098e-01
7.610000000000000098e-01
7.610000000000000098e-01
7.610000000000000098e-01
7.610000000000000098e-01
7.610000000000000098e-01
7.603333333333333055e-01
7.603333333333333055e-01
7.603333333333333055e-01
7.600000000000000089e-01
7.600000000000000089e-01
7.596666666666667123e-01
7.596666666666667123e-01
7.596666666666667123e-01
7.596666666666667123e-01
7.593333333333333046e-01
7.593333333333333046e-01
7.593333333333333046e-01
7.593333333333333046e-01
7.593333333333333046e-01
7.590000000000000080e-01
7.590000000000000080e-01
7.586666666666667114e-01
7.586666666666667114e-01
7.586666666666667114e-01
7.586666666666667114e-01
7.586666666666667114e-01
7.586666666666667114e-01
7.586666666666667114e-01
7.583333333333333037e-01
7.583333333333333037e-01
7.583333333333333037e-01
7.583333333333333037e-01
7.583333333333333037e-01
7.583333333333333037e-01
7.583333333333333037e-01
7.583333333333333037e-01
7.583333333333333037e-01
7.583333333333333037e-01
7.583333333333333037e-01
7.583333333333333037e-01
7.583333333333333037e-01
7.583333333333333037e-01
7.583333333333333037e-01
7.583333333333333037e-01
7.583333333333333037e-01
7.583333333333333037e-01
7.583333333333333037e-01
7.580000000000000071e-01
7.580000000000000071e-01
7.580000000000000071e-01
7.580000000000000071e-01
7.580000000000000071e-01
7.576666666666667105e-01
7.576666666666667105e-01
7.576666666666667105e-01
7.576666666666667105e-01
7.576666666666667105e-01
7.576666666666667105e-01
7.576666666666667105e-01
7.576666666666667105e-01
7.576666666666667105e-01
7.576666666666667105e-01
7.576666666666667105e-01
7.576666666666667105e-01
7.576666666666667105e-01
7.576666666666667105e-01
7.576666666666667105e-01
7.576666666666667105e-01
7.576666666666667105e-01
7.573333333333333028e-01
7.573333333333333028e-01
7.573333333333333028e-01
7.573333333333333028e-01
7.573333333333333028e-01
7.573333333333333028e-01
7.573333333333333028e-01
7.573333333333333028e-01
7.573333333333333028e-01
7.573333333333333028e-01
7.573333333333333028e-01
7.573333333333333028e-01
7.573333333333333028e-01
7.573333333333333028e-01
7.573333333333333028e-01
7.573333333333333028e-01
7.573333333333333028e-01
7.573333333333333028e-01
7.570000000000000062e-01
7.570000000000000062e-01
7.570000000000000062e-01
7.570000000000000062e-01
7.570000000000000062e-01
7.570000000000000062e-01
7.570000000000000062e-01
7.570000000000000062e-01
7.570000000000000062e-01
7.570000000000000062e-01
7.570000000000000062e-01
7.570000000000000062e-01
7.566666666666667096e-01
7.566666666666667096e-01
7.566666666666667096e-01
7.563333333333333020e-01
7.563333333333333020e-01
7.563333333333333020e-01
7.563333333333333020e-01
7.563333333333333020e-01
7.563333333333333020e-01
7.563333333333333020e-01
7.563333333333333020e-01
7.563333333333333020e-01
7.560000000000000053e-01
7.560000000000000053e-01
7.560000000000000053e-01
7.560000000000000053e-01
7.560000000000000053e-01
7.560000000000000053e-01
7.560000000000000053e-01
7.556666666666667087e-01
7.556666666666667087e-01
7.556666666666667087e-01
7.556666666666667087e-01
7.556666666666667087e-01
7.556666666666667087e-01
7.556666666666667087e-01
7.556666666666667087e-01
7.556666666666667087e-01
7.556666666666667087e-01
7.553333333333333011e-01
7.553333333333333011e-01
7.553333333333333011e-01
7.553333333333333011e-01
7.553333333333333011e-01
7.553333333333333011e-01
7.553333333333333011e-01
7.553333333333333011e-01
7.553333333333333011e-01
7.553333333333333011e-01
7.553333333333333011e-01
7.553333333333333011e-01
7.553333333333333011e-01
7.553333333333333011e-01
7.553333333333333011e-01
7.553333333333333011e-01
7.553333333333333011e-01
7.553333333333333011e-01
7.553333333333333011e-01
7.553333333333333011e-01
7.553333333333333011e-01
7.553333333333333011e-01
7.553333333333333011e-01
7.553333333333333011e-01
7.553333333333333011e-01
7.553333333333333011e-01
7.553333333333333011e-01
7.553333333333333011e-01
7.553333333333333011e-01
7.553333333333333011e-01
7.553333333333333011e-01
7.553333333333333011e-01
7.553333333333333011e-01
7.553333333333333011e-01
7.553333333333333011e-01
7.553333333333333011e-01
7.553333333333333011e-01
7.553333333333333011e-01
7.550000000000000044e-01
7.550000000000000044e-01
7.550000000000000044e-01
7.550000000000000044e-01
7.550000000000000044e-01
7.550000000000000044e-01
7.546666666666667078e-01
7.543333333333333002e-01
7.543333333333333002e-01
7.543333333333333002e-01
7.543333333333333002e-01
7.543333333333333002e-01
7.543333333333333002e-01
7.543333333333333002e-01
7.543333333333333002e-01
7.543333333333333002e-01
7.543333333333333002e-01
7.543333333333333002e-01
7.543333333333333002e-01
7.543333333333333002e-01
7.543333333333333002e-01
7.543333333333333002e-01
7.543333333333333002e-01
7.543333333333333002e-01
7.543333333333333002e-01
7.543333333333333002e-01
7.543333333333333002e-01
7.543333333333333002e-01
7.543333333333333002e-01
7.543333333333333002e-01
7.543333333333333002e-01
7.543333333333333002e-01
7.543333333333333002e-01
7.543333333333333002e-01
7.543333333333333002e-01
7.543333333333333002e-01
7.543333333333333002e-01
7.543333333333333002e-01
7.543333333333333002e-01
7.543333333333333002e-01
7.543333333333333002e-01
7.543333333333333002e-01
7.543333333333333002e-01
7.543333333333333002e-01
7.543333333333333002e-01
7.543333333333333002e-01
7.543333333333333002e-01
7.543333333333333002e-01
7.543333333333333002e-01
7.540000000000000036e-01
7.540000000000000036e-01
7.540000000000000036e-01
7.540000000000000036e-01
7.540000000000000036e-01
7.540000000000000036e-01
7.540000000000000036e-01
7.540000000000000036e-01
7.540000000000000036e-01
7.540000000000000036e-01
7.540000000000000036e-01
7.540000000000000036e-01
7.540000000000000036e-01
7.536666666666667069e-01
7.536666666666667069e-01
7.536666666666667069e-01
7.536666666666667069e-01
7.536666666666667069e-01
7.536666666666667069e-01
7.536666666666667069e-01
7.536666666666667069e-01
7.536666666666667069e-01
7.536666666666667069e-01
7.536666666666667069e-01
7.536666666666667069e-01
7.536666666666667069e-01
7.536666666666667069e-01
7.536666666666667069e-01
7.536666666666667069e-01
7.533333333333332993e-01
7.533333333333332993e-01
7.533333333333332993e-01
7.533333333333332993e-01
7.533333333333332993e-01
7.530000000000000027e-01
7.530000000000000027e-01
7.530000000000000027e-01
7.530000000000000027e-01
7.526666666666667060e-01
7.526666666666667060e-01
7.523333333333332984e-01
7.523333333333332984e-01
7.523333333333332984e-01
7.523333333333332984e-01
7.523333333333332984e-01
7.523333333333332984e-01
7.523333333333332984e-01
7.523333333333332984e-01
7.523333333333332984e-01
7.523333333333332984e-01
7.523333333333332984e-01
7.523333333333332984e-01
7.523333333333332984e-01
7.523333333333332984e-01
7.523333333333332984e-01
7.523333333333332984e-01
7.523333333333332984e-01
7.523333333333332984e-01
7.523333333333332984e-01
7.523333333333332984e-01
7.523333333333332984e-01
7.523333333333332984e-01
7.523333333333332984e-01
7.523333333333332984e-01
7.523333333333332984e-01
7.523333333333332984e-01
7.523333333333332984e-01
7.523333333333332984e-01
7.523333333333332984e-01
7.520000000000000018e-01
7.520000000000000018e-01
7.520000000000000018e-01
7.520000000000000018e-01
7.520000000000000018e-01
7.520000000000000018e-01
7.520000000000000018e-01
7.520000000000000018e-01
7.520000000000000018e-01
7.520000000000000018e-01
7.520000000000000018e-01
7.520000000000000018e-01
7.520000000000000018e-01
7.520000000000000018e-01
7.520000000000000018e-01
7.520000000000000018e-01
7.520000000000000018e-01
7.520000000000000018e-01
7.520000000000000018e-01
7.516666666666667052e-01
7.516666666666667052e-01
7.516666666666667052e-01
7.516666666666667052e-01
7.516666666666667052e-01
7.516666666666667052e-01
7.516666666666667052e-01
7.516666666666667052e-01
7.516666666666667052e-01
7.516666666666667052e-01
7.516666666666667052e-01
7.516666666666667052e-01
7.516666666666667052e-01
7.516666666666667052e-01
7.516666666666667052e-01
7.516666666666667052e-01
7.516666666666667052e-01
7.516666666666667052e-01
7.516666666666667052e-01
7.516666666666667052e-01
7.516666666666667052e-01
7.516666666666667052e-01
7.516666666666667052e-01
7.513333333333332975e-01
7.513333333333332975e-01
7.513333333333332975e-01
7.513333333333332975e-01
7.513333333333332975e-01
7.513333333333332975e-01
7.513333333333332975e-01
7.513333333333332975e-01
7.513333333333332975e-01
7.513333333333332975e-01
7.513333333333332975e-01
7.513333333333332975e-01
7.513333333333332975e-01
7.513333333333332975e-01
7.513333333333332975e-01
7.510000000000000009e-01
7.510000000000000009e-01
7.510000000000000009e-01
7.510000000000000009e-01
7.510000000000000009e-01
7.510000000000000009e-01
7.510000000000000009e-01
7.510000000000000009e-01
7.510000000000000009e-01
7.510000000000000009e-01
7.506666666666667043e-01
7.506666666666667043e-01
7.506666666666667043e-01
7.506666666666667043e-01
7.506666666666667043e-01
7.506666666666667043e-01
7.506666666666667043e-01
7.506666666666667043e-01
7.503333333333332966e-01
7.503333333333332966e-01
7.503333333333332966e-01
7.503333333333332966e-01
7.500000000000000000e-01
7.500000000000000000e-01
7.500000000000000000e-01
7.496666666666667034e-01
7.496666666666667034e-01
7.496666666666667034e-01
7.496666666666667034e-01
7.496666666666667034e-01
7.496666666666667034e-01
7.496666666666667034e-01
7.496666666666667034e-01
7.493333333333332957e-01
7.493333333333332957e-01
7.493333333333332957e-01
7.493333333333332957e-01
7.493333333333332957e-01
7.493333333333332957e-01
7.493333333333332957e-01
7.493333333333332957e-01
7.493333333333332957e-01
7.493333333333332957e-01
7.493333333333332957e-01
7.493333333333332957e-01
7.493333333333332957e-01
7.493333333333332957e-01
7.493333333333332957e-01
7.493333333333332957e-01
7.493333333333332957e-01
7.493333333333332957e-01
7.493333333333332957e-01
7.493333333333332957e-01
7.493333333333332957e-01
7.493333333333332957e-01
7.493333333333332957e-01
7.493333333333332957e-01
7.493333333333332957e-01
7.493333333333332957e-01
7.493333333333332957e-01
7.493333333333332957e-01
7.493333333333332957e-01
7.493333333333332957e-01
7.493333333333332957e-01
7.493333333333332957e-01
7.493333333333332957e-01
7.493333333333332957e-01
7.493333333333332957e-01
7.493333333333332957e-01
7.493333333333332957e-01
7.493333333333332957e-01
7.493333333333332957e-01
7.493333333333332957e-01
7.493333333333332957e-01
7.489999999999999991e-01
7.489999999999999991e-01
7.489999999999999991e-01
7.489999999999999991e-01
7.489999999999999991e-01
7.489999999999999991e-01
7.489999999999999991e-01
7.489999999999999991e-01
7.489999999999999991e-01
7.489999999999999991e-01
7.486666666666667025e-01
7.486666666666667025e-01
7.486666666666667025e-01
7.486666666666667025e-01
7.486666666666667025e-01
7.486666666666667025e-01
7.486666666666667025e-01
7.486666666666667025e-01
7.486666666666667025e-01
7.486666666666667025e-01
7.486666666666667025e-01
7.486666666666667025e-01
7.486666666666667025e-01
7.486666666666667025e-01
7.486666666666667025e-01
7.486666666666667025e-01
7.486666666666667025e-01
7.486666666666667025e-01
7.486666666666667025e-01
7.486666666666667025e-01
7.486666666666667025e-01
7.486666666666667025e-01
7.486666666666667025e-01
7.486666666666667025e-01
7.486666666666667025e-01
7.486666666666667025e-01
7.486666666666667025e-01
7.486666666666667025e-01
7.486666666666667025e-01
7.486666666666667025e-01
7.486666666666667025e-01
7.486666666666667025e-01
7.486666666666667025e-01
7.486666666666667025e-01
7.486666666666667025e-01
7.486666666666667025e-01
7.486666666666667025e-01
7.486666666666667025e-01
7.486666666666667025e-01
7.483333333333332948e-01
7.483333333333332948e-01
7.483333333333332948e-01
7.483333333333332948e-01
7.483333333333332948e-01
7.483333333333332948e-01
7.483333333333332948e-01
7.483333333333332948e-01
7.483333333333332948e-01
7.483333333333332948e-01
7.483333333333332948e-01
7.483333333333332948e-01
7.483333333333332948e-01
7.483333333333332948e-01
7.483333333333332948e-01
7.483333333333332948e-01
7.483333333333332948e-01
7.483333333333332948e-01
7.483333333333332948e-01
7.483333333333332948e-01
7.483333333333332948e-01
7.483333333333332948e-01
7.483333333333332948e-01
7.483333333333332948e-01
7.479999999999999982e-01
7.479999999999999982e-01
7.479999999999999982e-01
7.479999999999999982e-01
7.479999999999999982e-01
7.479999999999999982e-01
7.479999999999999982e-01
7.479999999999999982e-01
7.476666666666667016e-01
7.476666666666667016e-01
7.476666666666667016e-01
7.476666666666667016e-01
7.476666666666667016e-01
7.476666666666667016e-01
7.476666666666667016e-01
7.476666666666667016e-01
7.476666666666667016e-01
7.476666666666667016e-01
7.476666666666667016e-01
7.476666666666667016e-01
7.476666666666667016e-01
7.476666666666667016e-01
7.476666666666667016e-01
7.476666666666667016e-01
7.476666666666667016e-01
7.476666666666667016e-01
7.476666666666667016e-01
7.476666666666667016e-01
7.476666666666667016e-01
7.476666666666667016e-01
7.476666666666667016e-01
7.476666666666667016e-01
7.476666666666667016e-01
7.476666666666667016e-01
7.476666666666667016e-01
7.476666666666667016e-01
7.476666666666667016e-01
7.476666666666667016e-01
7.476666666666667016e-01
7.476666666666667016e-01
7.476666666666667016e-01
7.476666666666667016e-01
7.476666666666667016e-01
7.476666666666667016e-01
7.476666666666667016e-01
7.476666666666667016e-01
7.476666666666667016e-01
7.473333333333332940e-01
7.473333333333332940e-01
7.473333333333332940e-01
7.473333333333332940e-01
7.473333333333332940e-01
7.473333333333332940e-01
7.473333333333332940e-01
7.473333333333332940e-01
7.473333333333332940e-01
7.473333333333332940e-01
7.473333333333332940e-01
7.473333333333332940e-01
7.469999999999999973e-01
7.469999999999999973e-01
7.469999999999999973e-01
7.469999999999999973e-01
7.469999999999999973e-01
7.469999999999999973e-01
7.469999999999999973e-01
7.469999999999999973e-01
7.469999999999999973e-01
7.469999999999999973e-01
7.469999999999999973e-01
7.469999999999999973e-01
7.469999999999999973e-01
7.469999999999999973e-01
7.469999999999999973e-01
7.469999999999999973e-01
7.469999999999999973e-01
7.469999999999999973e-01
7.469999999999999973e-01
7.469999999999999973e-01
7.469999999999999973e-01
7.469999999999999973e-01
7.466666666666667007e-01
7.466666666666667007e-01
7.466666666666667007e-01
7.466666666666667007e-01
7.466666666666667007e-01
7.466666666666667007e-01
7.466666666666667007e-01
7.466666666666667007e-01
7.466666666666667007e-01
7.466666666666667007e-01
7.466666666666667007e-01
7.466666666666667007e-01
7.466666666666667007e-01
7.466666666666667007e-01
7.466666666666667007e-01
7.466666666666667007e-01
7.466666666666667007e-01
7.466666666666667007e-01
7.466666666666667007e-01
7.466666666666667007e-01
7.466666666666667007e-01
7.466666666666667007e-01
7.466666666666667007e-01
7.466666666666667007e-01
7.466666666666667007e-01
7.466666666666667007e-01
7.466666666666667007e-01
7.466666666666667007e-01
7.466666666666667007e-01
7.466666666666667007e-01
7.466666666666667007e-01
7.466666666666667007e-01
7.466666666666667007e-01
7.466666666666667007e-01
7.466666666666667007e-01
7.466666666666667007e-01
7.466666666666667007e-01
7.466666666666667007e-01
7.466666666666667007e-01
7.466666666666667007e-01
7.466666666666667007e-01
7.466666666666667007e-01
7.466666666666667007e-01
7.466666666666667007e-01
7.466666666666667007e-01
7.466666666666667007e-01
7.466666666666667007e-01
7.466666666666667007e-01
7.466666666666667007e-01
7.466666666666667007e-01
7.466666666666667007e-01
7.466666666666667007e-01
7.466666666666667007e-01
7.466666666666667007e-01
7.466666666666667007e-01
7.466666666666667007e-01
7.466666666666667007e-01
7.466666666666667007e-01
7.466666666666667007e-01
7.466666666666667007e-01
7.466666666666667007e-01
7.463333333333332931e-01
7.463333333333332931e-01
7.463333333333332931e-01
7.463333333333332931e-01
7.463333333333332931e-01
7.463333333333332931e-01
7.463333333333332931e-01
7.463333333333332931e-01
7.463333333333332931e-01
7.463333333333332931e-01
7.463333333333332931e-01
7.463333333333332931e-01
7.463333333333332931e-01
7.463333333333332931e-01
7.463333333333332931e-01
7.463333333333332931e-01
7.463333333333332931e-01
7.463333333333332931e-01
7.463333333333332931e-01
7.463333333333332931e-01
7.463333333333332931e-01
7.463333333333332931e-01
7.463333333333332931e-01
7.463333333333332931e-01
7.463333333333332931e-01
7.463333333333332931e-01
7.459999999999999964e-01
7.459999999999999964e-01
7.459999999999999964e-01
7.459999999999999964e-01
7.459999999999999964e-01
7.459999999999999964e-01
7.459999999999999964e-01
7.459999999999999964e-01
7.459999999999999964e-01
7.459999999999999964e-01
7.459999999999999964e-01
7.456666666666666998e-01
7.456666666666666998e-01
7.456666666666666998e-01
7.456666666666666998e-01
7.456666666666666998e-01
7.456666666666666998e-01
7.456666666666666998e-01
7.456666666666666998e-01
7.456666666666666998e-01
7.453333333333332922e-01
7.453333333333332922e-01
7.453333333333332922e-01
7.453333333333332922e-01
7.453333333333332922e-01
7.453333333333332922e-01
7.453333333333332922e-01
7.453333333333332922e-01
7.453333333333332922e-01
7.453333333333332922e-01
7.453333333333332922e-01
7.453333333333332922e-01
7.453333333333332922e-01
7.453333333333332922e-01
7.453333333333332922e-01
7.453333333333332922e-01
7.453333333333332922e-01
7.453333333333332922e-01
7.453333333333332922e-01
7.453333333333332922e-01
7.453333333333332922e-01
7.453333333333332922e-01
7.453333333333332922e-01
7.453333333333332922e-01
7.453333333333332922e-01
7.453333333333332922e-01
7.453333333333332922e-01
7.453333333333332922e-01
7.453333333333332922e-01
7.453333333333332922e-01
7.453333333333332922e-01
7.453333333333332922e-01
7.453333333333332922e-01
7.453333333333332922e-01
7.453333333333332922e-01
7.453333333333332922e-01
7.453333333333332922e-01
7.453333333333332922e-01
7.453333333333332922e-01
7.453333333333332922e-01
7.453333333333332922e-01
7.453333333333332922e-01
7.453333333333332922e-01
7.453333333333332922e-01
7.453333333333332922e-01
7.453333333333332922e-01
7.453333333333332922e-01
7.453333333333332922e-01
7.453333333333332922e-01
7.453333333333332922e-01
7.453333333333332922e-01
7.453333333333332922e-01
7.453333333333332922e-01
7.453333333333332922e-01
7.453333333333332922e-01
7.449999999999999956e-01
7.449999999999999956e-01
7.449999999999999956e-01
7.449999999999999956e-01
7.449999999999999956e-01
7.449999999999999956e-01
7.449999999999999956e-01
7.449999999999999956e-01
7.446666666666666989e-01
7.446666666666666989e-01
7.446666666666666989e-01
7.446666666666666989e-01
7.446666666666666989e-01
7.446666666666666989e-01
7.446666666666666989e-01
7.446666666666666989e-01
7.443333333333332913e-01
7.443333333333332913e-01
7.443333333333332913e-01
7.443333333333332913e-01
7.443333333333332913e-01
7.443333333333332913e-01
7.443333333333332913e-01
7.443333333333332913e-01
7.443333333333332913e-01
7.443333333333332913e-01
7.443333333333332913e-01
7.443333333333332913e-01
7.443333333333332913e-01
7.443333333333332913e-01
7.443333333333332913e-01
7.443333333333332913e-01
7.443333333333332913e-01
7.443333333333332913e-01
7.443333333333332913e-01
7.443333333333332913e-01
7.443333333333332913e-01
7.443333333333332913e-01
7.443333333333332913e-01
7.439999999999999947e-01
7.439999999999999947e-01
7.439999999999999947e-01
7.439999999999999947e-01
7.439999999999999947e-01
7.439999999999999947e-01
7.439999999999999947e-01
7.439999999999999947e-01
7.439999999999999947e-01
7.439999999999999947e-01
7.439999999999999947e-01
7.439999999999999947e-01
7.439999999999999947e-01
7.439999999999999947e-01
7.439999999999999947e-01
7.439999999999999947e-01
7.439999999999999947e-01
7.439999999999999947e-01
7.439999999999999947e-01
7.439999999999999947e-01
7.439999999999999947e-01
7.439999999999999947e-01
7.439999999999999947e-01
7.439999999999999947e-01
7.439999999999999947e-01
7.439999999999999947e-01
7.439999999999999947e-01
7.439999999999999947e-01
7.439999999999999947e-01
7.439999999999999947e-01
7.439999999999999947e-01
7.439999999999999947e-01
7.439999999999999947e-01
7.439999999999999947e-01
7.439999999999999947e-01
7.439999999999999947e-01
7.439999999999999947e-01
7.439999999999999947e-01
7.439999999999999947e-01
7.439999999999999947e-01
7.439999999999999947e-01
7.439999999999999947e-01
7.439999999999999947e-01
7.439999999999999947e-01
7.439999999999999947e-01
7.439999999999999947e-01
7.436666666666666980e-01
7.436666666666666980e-01
7.436666666666666980e-01
7.436666666666666980e-01
7.436666666666666980e-01
7.436666666666666980e-01
7.436666666666666980e-01
7.436666666666666980e-01
7.436666666666666980e-01
7.436666666666666980e-01
7.436666666666666980e-01
7.436666666666666980e-01
7.433333333333332904e-01
7.433333333333332904e-01
7.433333333333332904e-01
7.429999999999999938e-01
7.429999999999999938e-01
7.429999999999999938e-01
7.429999999999999938e-01
7.429999999999999938e-01
7.429999999999999938e-01
7.426666666666666972e-01
7.426666666666666972e-01
7.426666666666666972e-01
7.426666666666666972e-01
7.426666666666666972e-01
7.426666666666666972e-01
7.426666666666666972e-01
7.426666666666666972e-01
7.426666666666666972e-01
7.426666666666666972e-01
7.426666666666666972e-01
7.426666666666666972e-01
7.426666666666666972e-01
7.426666666666666972e-01
7.426666666666666972e-01
7.423333333333332895e-01
7.423333333333332895e-01
7.423333333333332895e-01
7.423333333333332895e-01
7.423333333333332895e-01
7.423333333333332895e-01
7.423333333333332895e-01
7.423333333333332895e-01
7.423333333333332895e-01
7.423333333333332895e-01
7.423333333333332895e-01
7.423333333333332895e-01
7.423333333333332895e-01
7.423333333333332895e-01
7.423333333333332895e-01
7.423333333333332895e-01
7.423333333333332895e-01
7.423333333333332895e-01
7.423333333333332895e-01
7.423333333333332895e-01
7.423333333333332895e-01
7.423333333333332895e-01
7.423333333333332895e-01
7.423333333333332895e-01
7.423333333333332895e-01
7.423333333333332895e-01
7.423333333333332895e-01
7.423333333333332895e-01
7.423333333333332895e-01
7.423333333333332895e-01
7.423333333333332895e-01
7.423333333333332895e-01
7.423333333333332895e-01
7.423333333333332895e-01
7.423333333333332895e-01
7.423333333333332895e-01
7.423333333333332895e-01
7.423333333333332895e-01
7.423333333333332895e-01
7.423333333333332895e-01
7.423333333333332895e-01
7.423333333333332895e-01
7.423333333333332895e-01
7.423333333333332895e-01
7.423333333333332895e-01
7.423333333333332895e-01
7.423333333333332895e-01
7.423333333333332895e-01
7.423333333333332895e-01
7.423333333333332895e-01
7.423333333333332895e-01
7.423333333333332895e-01
7.423333333333332895e-01
7.423333333333332895e-01
7.423333333333332895e-01
7.423333333333332895e-01
7.423333333333332895e-01
7.423333333333332895e-01
7.423333333333332895e-01
7.423333333333332895e-01
7.423333333333332895e-01
7.423333333333332895e-01
7.423333333333332895e-01
7.423333333333332895e-01
7.423333333333332895e-01
7.423333333333332895e-01
7.423333333333332895e-01
7.423333333333332895e-01
7.423333333333332895e-01
7.423333333333332895e-01
7.423333333333332895e-01
7.423333333333332895e-01
7.423333333333332895e-01
7.423333333333332895e-01
7.423333333333332895e-01
7.423333333333332895e-01
7.423333333333332895e-01
7.423333333333332895e-01
7.423333333333332895e-01
7.423333333333332895e-01
7.423333333333332895e-01
7.423333333333332895e-01
7.423333333333332895e-01
7.423333333333332895e-01
7.423333333333332895e-01
7.423333333333332895e-01
7.423333333333332895e-01
7.423333333333332895e-01
7.423333333333332895e-01
7.423333333333332895e-01
7.423333333333332895e-01
7.423333333333332895e-01
7.423333333333332895e-01
7.423333333333332895e-01
7.423333333333332895e-01
7.423333333333332895e-01
7.423333333333332895e-01
7.423333333333332895e-01
7.423333333333332895e-01
7.423333333333332895e-01
7.423333333333332895e-01
7.423333333333332895e-01
7.423333333333332895e-01
7.423333333333332895e-01
7.423333333333332895e-01
7.423333333333332895e-01
7.423333333333332895e-01
7.423333333333332895e-01
7.423333333333332895e-01
7.423333333333332895e-01
7.423333333333332895e-01
7.423333333333332895e-01
7.423333333333332895e-01
7.423333333333332895e-01
7.423333333333332895e-01
7.423333333333332895e-01
7.423333333333332895e-01
7.423333333333332895e-01
7.423333333333332895e-01
7.423333333333332895e-01
7.423333333333332895e-01
7.423333333333332895e-01
7.423333333333332895e-01
7.423333333333332895e-01
7.423333333333332895e-01
7.423333333333332895e-01
7.423333333333332895e-01
7.423333333333332895e-01
7.423333333333332895e-01
7.423333333333332895e-01
7.423333333333332895e-01
7.423333333333332895e-01
7.423333333333332895e-01
7.423333333333332895e-01
7.423333333333332895e-01
7.423333333333332895e-01
7.423333333333332895e-01
7.423333333333332895e-01
7.423333333333332895e-01
7.423333333333332895e-01
7.423333333333332895e-01
7.423333333333332895e-01
7.423333333333332895e-01
7.423333333333332895e-01
7.423333333333332895e-01
7.423333333333332895e-01
7.423333333333332895e-01
7.423333333333332895e-01
7.423333333333332895e-01
7.423333333333332895e-01
7.423333333333332895e-01
7.423333333333332895e-01
7.423333333333332895e-01
7.423333333333332895e-01
7.423333333333332895e-01
7.423333333333332895e-01
7.423333333333332895e-01
7.423333333333332895e-01
7.423333333333332895e-01
7.423333333333332895e-01
7.423333333333332895e-01
7.423333333333332895e-01
7.423333333333332895e-01
7.423333333333332895e-01
7.423333333333332895e-01
7.423333333333332895e-01
7.423333333333332895e-01
7.423333333333332895e-01
7.423333333333332895e-01
7.423333333333332895e-01
7.423333333333332895e-01
7.423333333333332895e-01
7.423333333333332895e-01
7.423333333333332895e-01
7.423333333333332895e-01
7.423333333333332895e-01
7.423333333333332895e-01
7.423333333333332895e-01
7.423333333333332895e-01
7.423333333333332895e-01
7.423333333333332895e-01
7.423333333333332895e-01
7.423333333333332895e-01
7.423333333333332895e-01
7.423333333333332895e-01
7.423333333333332895e-01
7.423333333333332895e-01
7.423333333333332895e-01
7.423333333333332895e-01
7.423333333333332895e-01
7.423333333333332895e-01
7.423333333333332895e-01
7.423333333333332895e-01
7.423333333333332895e-01
7.423333333333332895e-01
7.423333333333332895e-01
7.423333333333332895e-01
7.423333333333332895e-01
7.423333333333332895e-01
7.423333333333332895e-01
7.423333333333332895e-01
7.423333333333332895e-01
7.423333333333332895e-01
7.423333333333332895e-01
7.423333333333332895e-01
7.423333333333332895e-01
7.423333333333332895e-01
7.423333333333332895e-01
7.423333333333332895e-01
7.423333333333332895e-01
7.423333333333332895e-01
7.423333333333332895e-01
7.423333333333332895e-01
7.423333333333332895e-01
7.423333333333332895e-01
7.423333333333332895e-01
7.423333333333332895e-01
7.423333333333332895e-01
7.423333333333332895e-01
7.423333333333332895e-01
7.423333333333332895e-01
7.423333333333332895e-01
7.423333333333332895e-01
7.423333333333332895e-01
7.423333333333332895e-01
7.423333333333332895e-01
7.423333333333332895e-01
7.423333333333332895e-01
7.423333333333332895e-01
7.423333333333332895e-01
7.423333333333332895e-01
7.423333333333332895e-01
7.423333333333332895e-01
7.423333333333332895e-01
7.423333333333332895e-01
7.423333333333332895e-01
7.423333333333332895e-01
7.423333333333332895e-01
7.423333333333332895e-01
7.423333333333332895e-01
7.423333333333332895e-01
7.423333333333332895e-01
7.423333333333332895e-01
7.423333333333332895e-01
7.423333333333332895e-01
7.423333333333332895e-01
7.423333333333332895e-01
7.423333333333332895e-01
7.423333333333332895e-01
7.423333333333332895e-01
7.423333333333332895e-01
7.423333333333332895e-01
7.423333333333332895e-01
7.423333333333332895e-01
7.423333333333332895e-01
7.423333333333332895e-01
7.423333333333332895e-01
7.423333333333332895e-01
7.423333333333332895e-01
7.423333333333332895e-01
7.423333333333332895e-01
7.423333333333332895e-01
7.423333333333332895e-01
7.423333333333332895e-01
7.423333333333332895e-01
7.423333333333332895e-01
7.423333333333332895e-01
7.423333333333332895e-01
7.423333333333332895e-01
7.423333333333332895e-01
7.423333333333332895e-01
7.419999999999999929e-01
7.419999999999999929e-01
7.419999999999999929e-01
7.419999999999999929e-01
7.419999999999999929e-01
7.419999999999999929e-01
7.419999999999999929e-01
7.419999999999999929e-01
7.419999999999999929e-01
7.419999999999999929e-01
7.419999999999999929e-01
7.419999999999999929e-01
7.419999999999999929e-01
7.419999999999999929e-01
7.419999999999999929e-01
7.419999999999999929e-01
7.419999999999999929e-01
7.419999999999999929e-01
7.419999999999999929e-01
7.419999999999999929e-01
7.419999999999999929e-01
7.419999999999999929e-01
7.419999999999999929e-01
7.419999999999999929e-01
7.419999999999999929e-01
7.419999999999999929e-01
7.419999999999999929e-01
7.419999999999999929e-01
7.419999999999999929e-01
7.419999999999999929e-01
7.419999999999999929e-01
7.419999999999999929e-01
7.419999999999999929e-01
7.419999999999999929e-01
7.419999999999999929e-01
7.419999999999999929e-01
7.419999999999999929e-01
7.419999999999999929e-01
7.419999999999999929e-01
7.419999999999999929e-01
7.419999999999999929e-01
7.419999999999999929e-01
7.419999999999999929e-01
7.419999999999999929e-01
7.419999999999999929e-01
7.419999999999999929e-01
7.419999999999999929e-01
7.419999999999999929e-01
7.419999999999999929e-01
7.419999999999999929e-01
7.416666666666666963e-01
7.416666666666666963e-01
7.416666666666666963e-01
7.413333333333332886e-01
7.413333333333332886e-01
7.413333333333332886e-01
7.413333333333332886e-01
7.413333333333332886e-01
7.413333333333332886e-01
7.413333333333332886e-01
7.413333333333332886e-01
7.413333333333332886e-01
7.413333333333332886e-01
7.413333333333332886e-01
7.413333333333332886e-01
7.413333333333332886e-01
7.413333333333332886e-01
7.413333333333332886e-01
7.413333333333332886e-01
7.413333333333332886e-01
7.413333333333332886e-01
7.413333333333332886e-01
7.413333333333332886e-01
7.413333333333332886e-01
7.413333333333332886e-01
7.413333333333332886e-01
7.413333333333332886e-01
7.413333333333332886e-01
7.413333333333332886e-01
7.413333333333332886e-01
7.413333333333332886e-01
7.413333333333332886e-01
7.413333333333332886e-01
7.413333333333332886e-01
7.413333333333332886e-01
7.413333333333332886e-01
7.413333333333332886e-01
7.413333333333332886e-01
7.413333333333332886e-01
7.413333333333332886e-01
7.413333333333332886e-01
7.413333333333332886e-01
7.413333333333332886e-01
7.413333333333332886e-01
7.413333333333332886e-01
7.413333333333332886e-01
7.409999999999999920e-01
7.409999999999999920e-01
7.409999999999999920e-01
7.409999999999999920e-01
7.409999999999999920e-01
7.409999999999999920e-01
7.409999999999999920e-01
7.409999999999999920e-01
7.409999999999999920e-01
7.409999999999999920e-01
7.409999999999999920e-01
7.409999999999999920e-01
7.409999999999999920e-01
7.409999999999999920e-01
7.409999999999999920e-01
7.409999999999999920e-01
7.409999999999999920e-01
7.409999999999999920e-01
7.409999999999999920e-01
7.409999999999999920e-01
7.409999999999999920e-01
7.409999999999999920e-01
7.409999999999999920e-01
7.409999999999999920e-01
7.409999999999999920e-01
7.409999999999999920e-01
7.409999999999999920e-01
7.409999999999999920e-01
7.409999999999999920e-01
7.409999999999999920e-01
7.409999999999999920e-01
7.409999999999999920e-01
7.409999999999999920e-01
7.409999999999999920e-01
7.409999999999999920e-01
7.409999999999999920e-01
7.409999999999999920e-01
7.409999999999999920e-01
7.409999999999999920e-01
7.409999999999999920e-01
7.409999999999999920e-01
7.409999999999999920e-01
7.409999999999999920e-01
7.409999999999999920e-01
7.409999999999999920e-01
7.409999999999999920e-01
7.409999999999999920e-01
7.409999999999999920e-01
7.409999999999999920e-01
7.409999999999999920e-01
7.409999999999999920e-01
7.409999999999999920e-01
7.409999999999999920e-01
7.409999999999999920e-01
7.409999999999999920e-01
7.409999999999999920e-01
7.409999999999999920e-01
7.409999999999999920e-01
7.409999999999999920e-01
7.409999999999999920e-01
7.409999999999999920e-01
7.409999999999999920e-01
7.409999999999999920e-01
7.409999999999999920e-01
7.409999999999999920e-01
7.409999999999999920e-01
7.406666666666666954e-01
7.406666666666666954e-01
7.406666666666666954e-01
7.406666666666666954e-01
7.406666666666666954e-01
7.406666666666666954e-01
7.406666666666666954e-01
7.406666666666666954e-01
7.406666666666666954e-01
7.406666666666666954e-01
7.406666666666666954e-01
7.406666666666666954e-01
7.406666666666666954e-01
7.406666666666666954e-01
7.406666666666666954e-01
7.406666666666666954e-01
7.406666666666666954e-01
7.406666666666666954e-01
7.406666666666666954e-01
7.406666666666666954e-01
7.406666666666666954e-01
7.406666666666666954e-01
7.406666666666666954e-01
7.406666666666666954e-01
7.406666666666666954e-01
7.406666666666666954e-01
7.406666666666666954e-01
7.406666666666666954e-01
7.406666666666666954e-01
7.406666666666666954e-01
7.406666666666666954e-01
7.406666666666666954e-01
7.403333333333332877e-01
7.403333333333332877e-01
7.403333333333332877e-01
7.403333333333332877e-01
7.403333333333332877e-01
7.403333333333332877e-01
7.403333333333332877e-01
7.403333333333332877e-01
7.403333333333332877e-01
7.403333333333332877e-01
7.403333333333332877e-01
7.403333333333332877e-01
7.403333333333332877e-01
7.403333333333332877e-01
7.403333333333332877e-01
7.403333333333332877e-01
7.403333333333332877e-01
7.403333333333332877e-01
7.403333333333332877e-01
7.403333333333332877e-01
7.403333333333332877e-01
7.403333333333332877e-01
7.403333333333332877e-01
7.403333333333332877e-01
7.403333333333332877e-01
7.403333333333332877e-01
7.403333333333332877e-01
7.403333333333332877e-01
7.403333333333332877e-01
7.403333333333332877e-01
7.403333333333332877e-01
7.403333333333332877e-01
7.403333333333332877e-01
7.403333333333332877e-01
7.403333333333332877e-01
7.403333333333332877e-01
7.403333333333332877e-01
7.403333333333332877e-01
7.403333333333332877e-01
7.403333333333332877e-01
7.403333333333332877e-01
7.403333333333332877e-01
7.403333333333332877e-01
7.403333333333332877e-01
7.403333333333332877e-01
7.403333333333332877e-01
7.403333333333332877e-01
7.403333333333332877e-01
7.403333333333332877e-01
7.399999999999999911e-01
7.399999999999999911e-01
7.399999999999999911e-01
7.399999999999999911e-01
7.399999999999999911e-01
7.399999999999999911e-01
7.399999999999999911e-01
7.399999999999999911e-01
7.399999999999999911e-01
7.399999999999999911e-01
7.399999999999999911e-01
7.399999999999999911e-01
7.399999999999999911e-01
7.399999999999999911e-01
7.399999999999999911e-01
7.399999999999999911e-01
7.399999999999999911e-01
7.399999999999999911e-01
7.399999999999999911e-01
7.399999999999999911e-01
7.399999999999999911e-01
7.399999999999999911e-01
7.399999999999999911e-01
7.399999999999999911e-01
7.399999999999999911e-01
7.399999999999999911e-01
7.399999999999999911e-01
7.399999999999999911e-01
7.396666666666666945e-01
7.396666666666666945e-01
7.396666666666666945e-01
7.396666666666666945e-01
7.396666666666666945e-01
7.396666666666666945e-01
7.396666666666666945e-01
7.396666666666666945e-01
7.396666666666666945e-01
7.396666666666666945e-01
7.396666666666666945e-01
7.396666666666666945e-01
7.396666666666666945e-01
7.396666666666666945e-01
7.396666666666666945e-01
7.396666666666666945e-01
7.396666666666666945e-01
7.396666666666666945e-01
7.396666666666666945e-01
7.396666666666666945e-01
7.396666666666666945e-01
7.396666666666666945e-01
7.396666666666666945e-01
7.396666666666666945e-01
7.396666666666666945e-01
7.396666666666666945e-01
7.396666666666666945e-01
7.396666666666666945e-01
7.396666666666666945e-01
7.396666666666666945e-01
7.396666666666666945e-01
7.396666666666666945e-01
7.396666666666666945e-01
7.396666666666666945e-01
7.396666666666666945e-01
7.396666666666666945e-01
7.396666666666666945e-01
7.396666666666666945e-01
7.396666666666666945e-01
7.396666666666666945e-01
7.396666666666666945e-01
7.396666666666666945e-01
7.396666666666666945e-01
7.396666666666666945e-01
7.396666666666666945e-01
7.396666666666666945e-01
7.396666666666666945e-01
7.396666666666666945e-01
7.396666666666666945e-01
7.396666666666666945e-01
7.396666666666666945e-01
7.396666666666666945e-01
7.396666666666666945e-01
7.396666666666666945e-01
7.396666666666666945e-01
7.396666666666666945e-01
7.396666666666666945e-01
7.396666666666666945e-01
7.396666666666666945e-01
7.396666666666666945e-01
7.396666666666666945e-01
7.396666666666666945e-01
7.396666666666666945e-01
7.396666666666666945e-01
7.396666666666666945e-01
7.396666666666666945e-01
7.396666666666666945e-01
7.396666666666666945e-01
7.396666666666666945e-01
7.396666666666666945e-01
7.396666666666666945e-01
7.396666666666666945e-01
7.396666666666666945e-01
7.396666666666666945e-01
7.396666666666666945e-01
7.396666666666666945e-01
7.396666666666666945e-01
7.396666666666666945e-01
7.396666666666666945e-01
7.396666666666666945e-01
7.396666666666666945e-01
7.396666666666666945e-01
7.393333333333332869e-01
7.393333333333332869e-01
7.393333333333332869e-01
7.393333333333332869e-01
7.393333333333332869e-01
7.393333333333332869e-01
7.393333333333332869e-01
7.393333333333332869e-01
7.393333333333332869e-01
7.393333333333332869e-01
7.393333333333332869e-01
7.393333333333332869e-01
7.393333333333332869e-01
7.393333333333332869e-01
7.393333333333332869e-01
7.393333333333332869e-01
7.393333333333332869e-01
7.393333333333332869e-01
7.393333333333332869e-01
7.393333333333332869e-01
7.393333333333332869e-01
7.389999999999999902e-01
7.389999999999999902e-01
7.389999999999999902e-01
7.389999999999999902e-01
7.389999999999999902e-01
7.389999999999999902e-01
7.389999999999999902e-01
7.389999999999999902e-01
7.389999999999999902e-01
7.389999999999999902e-01
7.389999999999999902e-01
7.389999999999999902e-01
7.389999999999999902e-01
7.389999999999999902e-01
7.389999999999999902e-01
7.389999999999999902e-01
7.389999999999999902e-01
7.389999999999999902e-01
7.389999999999999902e-01
7.389999999999999902e-01
7.389999999999999902e-01
7.389999999999999902e-01
7.389999999999999902e-01
7.389999999999999902e-01
7.389999999999999902e-01
7.389999999999999902e-01
7.389999999999999902e-01
7.389999999999999902e-01
7.389999999999999902e-01
7.389999999999999902e-01
7.389999999999999902e-01
7.389999999999999902e-01
7.389999999999999902e-01
7.389999999999999902e-01
7.389999999999999902e-01
7.389999999999999902e-01
7.389999999999999902e-01
7.389999999999999902e-01
7.389999999999999902e-01
7.389999999999999902e-01
7.389999999999999902e-01
7.389999999999999902e-01
7.389999999999999902e-01
7.389999999999999902e-01
7.389999999999999902e-01
7.389999999999999902e-01
7.389999999999999902e-01
7.389999999999999902e-01
7.386666666666666936e-01
7.386666666666666936e-01
7.386666666666666936e-01
7.386666666666666936e-01
7.386666666666666936e-01
7.386666666666666936e-01
7.386666666666666936e-01
7.386666666666666936e-01
7.386666666666666936e-01
7.386666666666666936e-01
7.386666666666666936e-01
7.386666666666666936e-01
7.386666666666666936e-01
7.386666666666666936e-01
7.386666666666666936e-01
7.386666666666666936e-01
7.386666666666666936e-01
7.383333333333332860e-01
7.383333333333332860e-01
7.383333333333332860e-01
7.383333333333332860e-01
7.383333333333332860e-01
7.383333333333332860e-01
7.383333333333332860e-01
7.383333333333332860e-01
7.383333333333332860e-01
7.383333333333332860e-01
7.383333333333332860e-01
7.383333333333332860e-01
7.383333333333332860e-01
7.383333333333332860e-01
7.383333333333332860e-01
7.383333333333332860e-01
7.383333333333332860e-01
7.383333333333332860e-01
7.379999999999999893e-01
7.379999999999999893e-01
7.379999999999999893e-01
7.379999999999999893e-01
7.379999999999999893e-01
7.379999999999999893e-01
7.379999999999999893e-01
7.379999999999999893e-01
7.379999999999999893e-01
7.379999999999999893e-01
7.379999999999999893e-01
7.379999999999999893e-01
7.379999999999999893e-01
7.379999999999999893e-01
7.379999999999999893e-01
7.379999999999999893e-01
7.379999999999999893e-01
7.379999999999999893e-01
7.379999999999999893e-01
7.379999999999999893e-01
7.379999999999999893e-01
7.379999999999999893e-01
7.379999999999999893e-01
7.379999999999999893e-01
7.379999999999999893e-01
7.379999999999999893e-01
7.379999999999999893e-01
7.379999999999999893e-01
7.379999999999999893e-01
7.379999999999999893e-01
7.379999999999999893e-01
7.379999999999999893e-01
7.379999999999999893e-01
7.379999999999999893e-01
7.379999999999999893e-01
7.379999999999999893e-01
7.379999999999999893e-01
7.379999999999999893e-01
7.379999999999999893e-01
7.379999999999999893e-01
7.379999999999999893e-01
7.379999999999999893e-01
7.379999999999999893e-01
7.379999999999999893e-01
7.379999999999999893e-01
7.379999999999999893e-01
7.379999999999999893e-01
7.379999999999999893e-01
7.379999999999999893e-01
7.379999999999999893e-01
7.379999999999999893e-01
7.379999999999999893e-01
7.379999999999999893e-01
7.379999999999999893e-01
7.379999999999999893e-01
7.379999999999999893e-01
7.379999999999999893e-01
7.379999999999999893e-01
7.379999999999999893e-01
7.379999999999999893e-01
7.376666666666666927e-01
7.376666666666666927e-01
7.376666666666666927e-01
7.376666666666666927e-01
7.376666666666666927e-01
7.376666666666666927e-01
7.376666666666666927e-01
7.376666666666666927e-01
7.376666666666666927e-01
7.376666666666666927e-01
7.376666666666666927e-01
7.376666666666666927e-01
7.376666666666666927e-01
7.376666666666666927e-01
7.376666666666666927e-01
7.376666666666666927e-01
7.376666666666666927e-01
7.376666666666666927e-01
7.376666666666666927e-01
7.376666666666666927e-01
7.376666666666666927e-01
7.376666666666666927e-01
7.376666666666666927e-01
7.376666666666666927e-01
7.376666666666666927e-01
7.376666666666666927e-01
7.376666666666666927e-01
7.376666666666666927e-01
7.376666666666666927e-01
7.376666666666666927e-01
7.376666666666666927e-01
7.376666666666666927e-01
7.376666666666666927e-01
7.376666666666666927e-01
7.376666666666666927e-01
7.376666666666666927e-01
7.376666666666666927e-01
7.376666666666666927e-01
7.376666666666666927e-01
7.376666666666666927e-01
7.376666666666666927e-01
7.376666666666666927e-01
7.376666666666666927e-01
7.376666666666666927e-01
7.376666666666666927e-01
7.376666666666666927e-01
7.376666666666666927e-01
7.373333333333332851e-01
7.373333333333332851e-01
7.373333333333332851e-01
7.373333333333332851e-01
7.369999999999999885e-01
7.369999999999999885e-01
7.369999999999999885e-01
7.369999999999999885e-01
7.369999999999999885e-01
7.369999999999999885e-01
7.369999999999999885e-01
7.369999999999999885e-01
7.366666666666666918e-01
7.366666666666666918e-01
7.366666666666666918e-01
7.366666666666666918e-01
7.366666666666666918e-01
7.366666666666666918e-01
7.363333333333332842e-01
7.363333333333332842e-01
7.363333333333332842e-01
7.363333333333332842e-01
7.363333333333332842e-01
7.363333333333332842e-01
7.363333333333332842e-01
7.363333333333332842e-01
7.363333333333332842e-01
7.363333333333332842e-01
7.363333333333332842e-01
7.363333333333332842e-01
7.363333333333332842e-01
7.363333333333332842e-01
7.363333333333332842e-01
7.363333333333332842e-01
7.363333333333332842e-01
7.363333333333332842e-01
7.363333333333332842e-01
7.363333333333332842e-01
7.363333333333332842e-01
7.363333333333332842e-01
7.363333333333332842e-01
7.363333333333332842e-01
7.363333333333332842e-01
7.363333333333332842e-01
7.363333333333332842e-01
7.363333333333332842e-01
7.363333333333332842e-01
7.363333333333332842e-01
7.363333333333332842e-01
7.363333333333332842e-01
7.363333333333332842e-01
7.363333333333332842e-01
7.363333333333332842e-01
7.363333333333332842e-01
7.363333333333332842e-01
7.363333333333332842e-01
7.363333333333332842e-01
7.363333333333332842e-01
7.363333333333332842e-01
7.363333333333332842e-01
7.363333333333332842e-01
7.363333333333332842e-01
7.363333333333332842e-01
7.363333333333332842e-01
7.363333333333332842e-01
7.363333333333332842e-01
7.363333333333332842e-01
7.363333333333332842e-01
7.363333333333332842e-01
7.363333333333332842e-01
7.363333333333332842e-01
7.363333333333332842e-01
7.363333333333332842e-01
7.363333333333332842e-01
7.363333333333332842e-01
7.363333333333332842e-01
7.363333333333332842e-01
7.363333333333332842e-01
7.363333333333332842e-01
7.363333333333332842e-01
7.363333333333332842e-01
7.363333333333332842e-01
7.363333333333332842e-01
7.363333333333332842e-01
7.363333333333332842e-01
7.363333333333332842e-01
7.363333333333332842e-01
7.363333333333332842e-01
7.363333333333332842e-01
7.363333333333332842e-01
7.363333333333332842e-01
7.363333333333332842e-01
7.363333333333332842e-01
7.363333333333332842e-01
7.363333333333332842e-01
7.363333333333332842e-01
7.363333333333332842e-01
7.363333333333332842e-01
7.363333333333332842e-01
7.363333333333332842e-01
7.363333333333332842e-01
7.363333333333332842e-01
7.363333333333332842e-01
7.363333333333332842e-01
7.363333333333332842e-01
7.363333333333332842e-01
7.363333333333332842e-01
7.363333333333332842e-01
7.363333333333332842e-01
7.363333333333332842e-01
7.363333333333332842e-01
7.363333333333332842e-01
7.363333333333332842e-01
7.363333333333332842e-01
7.363333333333332842e-01
7.363333333333332842e-01
7.363333333333332842e-01
7.363333333333332842e-01
7.363333333333332842e-01
7.363333333333332842e-01
7.363333333333332842e-01
7.363333333333332842e-01
7.363333333333332842e-01
7.363333333333332842e-01
7.363333333333332842e-01
7.363333333333332842e-01
7.363333333333332842e-01
7.363333333333332842e-01
7.363333333333332842e-01
7.363333333333332842e-01
7.363333333333332842e-01
7.363333333333332842e-01
7.363333333333332842e-01
7.363333333333332842e-01
7.363333333333332842e-01
7.363333333333332842e-01
7.363333333333332842e-01
7.363333333333332842e-01
7.363333333333332842e-01
7.363333333333332842e-01
7.363333333333332842e-01
7.363333333333332842e-01
7.363333333333332842e-01
7.363333333333332842e-01
7.363333333333332842e-01
7.363333333333332842e-01
7.363333333333332842e-01
7.363333333333332842e-01
7.363333333333332842e-01
7.363333333333332842e-01
7.363333333333332842e-01
7.363333333333332842e-01
7.363333333333332842e-01
7.363333333333332842e-01
7.363333333333332842e-01
7.363333333333332842e-01
7.363333333333332842e-01
7.363333333333332842e-01
7.363333333333332842e-01
7.363333333333332842e-01
7.363333333333332842e-01
7.363333333333332842e-01
7.363333333333332842e-01
7.363333333333332842e-01
7.363333333333332842e-01
7.359999999999999876e-01
7.359999999999999876e-01
7.359999999999999876e-01
7.356666666666666909e-01
7.356666666666666909e-01
7.356666666666666909e-01
7.356666666666666909e-01
7.356666666666666909e-01
7.353333333333332833e-01
7.353333333333332833e-01
7.349999999999999867e-01
