3.606666666666666909e-01
3.606666666666666909e-01
3.606666666666666909e-01
3.606666666666666909e-01
3.606666666666666909e-01
3.599999999999999867e-01
3.583333333333333370e-01
3.563333333333333353e-01
3.529999999999999805e-01
3.449999999999999734e-01
3.396666666666666723e-01
3.330000000000000182e-01
3.280000000000000138e-01
3.223333333333333606e-01
3.150000000000000022e-01
3.076666666666666439e-01
3.039999999999999925e-01
2.973333333333333384e-01
2.933333333333333348e-01
2.873333333333333295e-01
2.833333333333333259e-01
2.803333333333333233e-01
2.783333333333333215e-01
2.766666666666666718e-01
2.743333333333333179e-01
2.700000000000000178e-01
2.680000000000000160e-01
2.663333333333333108e-01
2.623333333333333073e-01
2.616666666666666585e-01
2.590000000000000080e-01
2.580000000000000071e-01
2.560000000000000053e-01
2.550000000000000044e-01
2.540000000000000036e-01
2.533333333333333548e-01
2.520000000000000018e-01
2.506666666666666488e-01
2.486666666666666747e-01
2.459999999999999964e-01
2.446666666666666712e-01
2.429999999999999938e-01
2.419999999999999929e-01
2.409999999999999920e-01
2.399999999999999911e-01
2.386666666666666659e-01
2.359999999999999876e-01
2.340000000000000135e-01
2.336666666666666614e-01
2.330000000000000127e-01
2.323333333333333361e-01
2.310000000000000109e-01
2.306666666666666587e-01
2.300000000000000100e-01
2.293333333333333335e-01
2.290000000000000091e-01
2.276666666666666561e-01
2.263333333333333308e-01
2.250000000000000056e-01
2.243333333333333290e-01
2.220000000000000029e-01
2.206666666666666776e-01
2.193333333333333246e-01
2.179999999999999993e-01
2.166666666666666741e-01
2.159999999999999976e-01
2.139999999999999958e-01
2.126666666666666705e-01
2.113333333333333452e-01
2.096666666666666679e-01
2.093333333333333435e-01
2.069999999999999896e-01
2.056666666666666643e-01
2.036666666666666625e-01
2.030000000000000138e-01
2.016666666666666607e-01
2.000000000000000111e-01
1.996666666666666590e-01
1.990000000000000102e-01
1.986666666666666581e-01
1.976666666666666572e-01
1.960000000000000075e-01
1.950000000000000067e-01
1.936666666666666536e-01
1.933333333333333293e-01
1.916666666666666796e-01
1.916666666666666796e-01
1.910000000000000031e-01
1.906666666666666787e-01
1.900000000000000022e-01
1.900000000000000022e-01
1.896666666666666778e-01
1.896666666666666778e-01
1.886666666666666770e-01
1.880000000000000004e-01
1.869999999999999996e-01
1.856666666666666743e-01
1.853333333333333222e-01
1.843333333333333213e-01
1.836666666666666725e-01
1.829999999999999960e-01
1.819999999999999951e-01
1.816666666666666707e-01
1.806666666666666698e-01
1.789999999999999925e-01
1.786666666666666681e-01
1.776666666666666672e-01
1.773333333333333428e-01
1.763333333333333419e-01
1.759999999999999898e-01
1.753333333333333410e-01
1.753333333333333410e-01
1.743333333333333401e-01
1.733333333333333393e-01
1.726666666666666627e-01
1.719999999999999862e-01
1.713333333333333375e-01
1.696666666666666601e-01
1.690000000000000113e-01
1.676666666666666583e-01
1.673333333333333339e-01
1.666666666666666574e-01
1.663333333333333330e-01
1.663333333333333330e-01
1.653333333333333321e-01
1.643333333333333313e-01
1.640000000000000069e-01
1.620000000000000051e-01
1.616666666666666530e-01
1.613333333333333286e-01
1.603333333333333277e-01
1.596666666666666790e-01
1.596666666666666790e-01
1.586666666666666781e-01
1.576666666666666772e-01
1.570000000000000007e-01
1.559999999999999998e-01
1.553333333333333233e-01
1.546666666666666745e-01
1.533333333333333215e-01
1.526666666666666727e-01
1.523333333333333206e-01
1.523333333333333206e-01
1.513333333333333197e-01
1.506666666666666710e-01
1.496666666666666701e-01
1.493333333333333457e-01
1.486666666666666692e-01
1.483333333333333448e-01
1.473333333333333439e-01
1.466666666666666674e-01
1.456666666666666665e-01
1.449999999999999900e-01
1.439999999999999891e-01
1.433333333333333404e-01
1.426666666666666639e-01
1.423333333333333395e-01
1.423333333333333395e-01
1.416666666666666630e-01
1.413333333333333386e-01
1.406666666666666621e-01
1.400000000000000133e-01
1.400000000000000133e-01
1.390000000000000124e-01
1.386666666666666603e-01
1.386666666666666603e-01
1.383333333333333359e-01
1.376666666666666594e-01
1.373333333333333350e-01
1.363333333333333341e-01
1.360000000000000098e-01
1.360000000000000098e-01
1.353333333333333333e-01
1.346666666666666567e-01
1.333333333333333315e-01
1.330000000000000071e-01
1.330000000000000071e-01
1.326666666666666550e-01
1.323333333333333306e-01
1.320000000000000062e-01
1.310000000000000053e-01
1.303333333333333288e-01
1.303333333333333288e-01
1.300000000000000044e-01
1.293333333333333279e-01
1.286666666666666792e-01
1.280000000000000027e-01
1.273333333333333262e-01
1.270000000000000018e-01
1.266666666666666774e-01
1.266666666666666774e-01
1.263333333333333253e-01
1.260000000000000009e-01
1.260000000000000009e-01
1.256666666666666765e-01
1.253333333333333244e-01
1.250000000000000000e-01
1.246666666666666617e-01
1.243333333333333374e-01
1.239999999999999991e-01
1.239999999999999991e-01
1.236666666666666609e-01
1.236666666666666609e-01
1.233333333333333365e-01
1.233333333333333365e-01
1.229999999999999982e-01
1.229999999999999982e-01
1.226666666666666600e-01
1.223333333333333356e-01
1.216666666666666730e-01
1.213333333333333347e-01
1.203333333333333338e-01
1.203333333333333338e-01
1.199999999999999956e-01
1.196666666666666712e-01
1.189999999999999947e-01
1.189999999999999947e-01
1.186666666666666703e-01
1.176666666666666694e-01
1.173333333333333311e-01
1.170000000000000068e-01
1.166666666666666685e-01
1.166666666666666685e-01
1.166666666666666685e-01
1.166666666666666685e-01
1.156666666666666676e-01
1.146666666666666667e-01
1.143333333333333285e-01
1.140000000000000041e-01
1.136666666666666659e-01
1.136666666666666659e-01
1.136666666666666659e-01
1.136666666666666659e-01
1.133333333333333276e-01
1.133333333333333276e-01
1.133333333333333276e-01
1.130000000000000032e-01
1.130000000000000032e-01
1.130000000000000032e-01
1.126666666666666650e-01
1.126666666666666650e-01
1.123333333333333267e-01
1.123333333333333267e-01
1.120000000000000023e-01
1.103333333333333388e-01
1.100000000000000006e-01
1.093333333333333379e-01
1.086666666666666614e-01
1.083333333333333370e-01
1.079999999999999988e-01
1.079999999999999988e-01
1.066666666666666735e-01
1.066666666666666735e-01
1.066666666666666735e-01
1.066666666666666735e-01
1.066666666666666735e-01
1.063333333333333353e-01
1.063333333333333353e-01
1.059999999999999970e-01
1.056666666666666726e-01
1.049999999999999961e-01
1.043333333333333335e-01
1.039999999999999952e-01
1.039999999999999952e-01
1.039999999999999952e-01
1.036666666666666708e-01
1.033333333333333326e-01
1.029999999999999943e-01
1.029999999999999943e-01
1.029999999999999943e-01
1.010000000000000064e-01
1.010000000000000064e-01
1.006666666666666682e-01
1.003333333333333299e-01
1.003333333333333299e-01
1.003333333333333299e-01
1.003333333333333299e-01
1.000000000000000056e-01
9.966666666666666730e-02
9.966666666666666730e-02
9.933333333333332904e-02
9.833333333333332815e-02
9.800000000000000377e-02
9.733333333333332726e-02
9.700000000000000289e-02
9.633333333333334025e-02
9.633333333333334025e-02
9.633333333333334025e-02
9.633333333333334025e-02
9.566666666666666374e-02
9.566666666666666374e-02
9.533333333333333937e-02
9.500000000000000111e-02
9.466666666666666285e-02
9.400000000000000022e-02
9.400000000000000022e-02
9.366666666666666197e-02
9.366666666666666197e-02
9.366666666666666197e-02
9.333333333333333759e-02
9.333333333333333759e-02
9.333333333333333759e-02
9.299999999999999933e-02
9.299999999999999933e-02
9.299999999999999933e-02
9.299999999999999933e-02
9.233333333333333670e-02
9.199999999999999845e-02
9.199999999999999845e-02
9.199999999999999845e-02
9.166666666666666019e-02
9.166666666666666019e-02
9.166666666666666019e-02
9.133333333333333581e-02
9.099999999999999756e-02
9.099999999999999756e-02
9.033333333333333492e-02
8.999999999999999667e-02
8.966666666666667229e-02
8.966666666666667229e-02
8.933333333333333404e-02
8.933333333333333404e-02
8.933333333333333404e-02
8.899999999999999578e-02
8.866666666666667140e-02
8.766666666666667052e-02
8.766666666666667052e-02
8.766666666666667052e-02
8.733333333333333226e-02
8.699999999999999400e-02
8.699999999999999400e-02
8.666666666666666963e-02
8.666666666666666963e-02
8.633333333333333137e-02
8.566666666666666874e-02
8.566666666666666874e-02
8.566666666666666874e-02
8.566666666666666874e-02
8.566666666666666874e-02
8.533333333333333048e-02
8.500000000000000611e-02
8.466666666666666785e-02
8.466666666666666785e-02
8.433333333333332960e-02
8.366666666666666696e-02
8.366666666666666696e-02
8.366666666666666696e-02
8.366666666666666696e-02
8.300000000000000433e-02
8.266666666666666607e-02
8.266666666666666607e-02
8.266666666666666607e-02
8.200000000000000344e-02
8.200000000000000344e-02
8.166666666666666519e-02
8.133333333333332693e-02
8.133333333333332693e-02
8.133333333333332693e-02
8.133333333333332693e-02
8.100000000000000255e-02
8.100000000000000255e-02
8.066666666666666430e-02
8.000000000000000167e-02
7.933333333333333903e-02
7.900000000000000078e-02
7.900000000000000078e-02
7.866666666666666252e-02
7.833333333333333814e-02
7.833333333333333814e-02
7.833333333333333814e-02
7.766666666666666163e-02
7.733333333333333726e-02
7.699999999999999900e-02
7.633333333333333637e-02
7.633333333333333637e-02
7.633333333333333637e-02
7.599999999999999811e-02
7.566666666666665986e-02
7.533333333333333548e-02
7.499999999999999722e-02
7.466666666666667285e-02
7.466666666666667285e-02
7.466666666666667285e-02
7.466666666666667285e-02
7.466666666666667285e-02
7.466666666666667285e-02
7.433333333333333459e-02
7.399999999999999634e-02
7.399999999999999634e-02
7.399999999999999634e-02
7.366666666666667196e-02
7.333333333333333370e-02
7.299999999999999545e-02
7.266666666666667107e-02
7.233333333333333282e-02
7.233333333333333282e-02
7.199999999999999456e-02
7.199999999999999456e-02
7.199999999999999456e-02
7.199999999999999456e-02
7.199999999999999456e-02
7.199999999999999456e-02
7.166666666666667018e-02
7.166666666666667018e-02
7.133333333333333193e-02
7.133333333333333193e-02
7.099999999999999367e-02
7.033333333333333104e-02
7.033333333333333104e-02
7.000000000000000666e-02
7.000000000000000666e-02
6.966666666666666841e-02
6.966666666666666841e-02
6.900000000000000577e-02
6.900000000000000577e-02
6.900000000000000577e-02
6.866666666666666752e-02
6.866666666666666752e-02
6.866666666666666752e-02
6.866666666666666752e-02
6.866666666666666752e-02
6.866666666666666752e-02
6.866666666666666752e-02
6.866666666666666752e-02
6.866666666666666752e-02
6.866666666666666752e-02
6.866666666666666752e-02
6.866666666666666752e-02
6.833333333333332926e-02
6.800000000000000488e-02
6.800000000000000488e-02
6.800000000000000488e-02
6.733333333333332837e-02
6.666666666666666574e-02
6.666666666666666574e-02
6.633333333333332749e-02
6.633333333333332749e-02
6.633333333333332749e-02
6.600000000000000311e-02
6.566666666666666485e-02
6.566666666666666485e-02
6.566666666666666485e-02
6.566666666666666485e-02
6.533333333333332660e-02
6.500000000000000222e-02
6.500000000000000222e-02
6.466666666666666397e-02
6.466666666666666397e-02
6.433333333333333959e-02
6.400000000000000133e-02
6.366666666666666308e-02
6.333333333333333870e-02
6.300000000000000044e-02
6.300000000000000044e-02
6.300000000000000044e-02
6.266666666666666219e-02
6.266666666666666219e-02
6.266666666666666219e-02
6.266666666666666219e-02
6.233333333333333087e-02
6.233333333333333087e-02
6.233333333333333087e-02
6.233333333333333087e-02
6.233333333333333087e-02
6.199999999999999956e-02
6.166666666666666824e-02
6.166666666666666824e-02
6.166666666666666824e-02
6.166666666666666824e-02
6.166666666666666824e-02
6.133333333333332998e-02
6.133333333333332998e-02
6.066666666666666735e-02
6.033333333333333603e-02
5.966666666666666646e-02
5.966666666666666646e-02
5.966666666666666646e-02
5.966666666666666646e-02
5.933333333333333515e-02
5.866666666666666557e-02
5.866666666666666557e-02
5.833333333333333426e-02
5.800000000000000294e-02
5.800000000000000294e-02
5.800000000000000294e-02
5.800000000000000294e-02
5.800000000000000294e-02
5.800000000000000294e-02
5.766666666666666469e-02
5.766666666666666469e-02
5.766666666666666469e-02
5.733333333333333337e-02
5.700000000000000205e-02
5.666666666666666380e-02
5.666666666666666380e-02
5.666666666666666380e-02
5.666666666666666380e-02
5.633333333333333248e-02
5.633333333333333248e-02
5.600000000000000117e-02
5.533333333333333159e-02
5.533333333333333159e-02
5.533333333333333159e-02
5.500000000000000028e-02
5.500000000000000028e-02
5.500000000000000028e-02
5.500000000000000028e-02
5.466666666666666896e-02
5.433333333333333071e-02
5.433333333333333071e-02
5.399999999999999939e-02
5.399999999999999939e-02
5.366666666666666807e-02
5.366666666666666807e-02
5.366666666666666807e-02
5.333333333333333676e-02
5.299999999999999850e-02
5.299999999999999850e-02
5.266666666666666718e-02
5.266666666666666718e-02
5.266666666666666718e-02
5.233333333333333587e-02
5.233333333333333587e-02
5.233333333333333587e-02
5.233333333333333587e-02
5.233333333333333587e-02
5.233333333333333587e-02
5.233333333333333587e-02
5.199999999999999761e-02
5.199999999999999761e-02
5.166666666666666630e-02
5.166666666666666630e-02
5.133333333333333498e-02
5.133333333333333498e-02
5.133333333333333498e-02
5.099999999999999672e-02
5.099999999999999672e-02
5.099999999999999672e-02
5.099999999999999672e-02
5.033333333333333409e-02
5.033333333333333409e-02
5.033333333333333409e-02
5.033333333333333409e-02
4.966666666666666452e-02
4.966666666666666452e-02
4.966666666666666452e-02
4.966666666666666452e-02
4.966666666666666452e-02
4.933333333333333320e-02
4.933333333333333320e-02
4.933333333333333320e-02
4.933333333333333320e-02
4.933333333333333320e-02
4.933333333333333320e-02
4.933333333333333320e-02
4.933333333333333320e-02
4.933333333333333320e-02
4.933333333333333320e-02
4.933333333333333320e-02
4.933333333333333320e-02
4.933333333333333320e-02
4.933333333333333320e-02
4.933333333333333320e-02
4.933333333333333320e-02
4.900000000000000189e-02
4.866666666666666363e-02
4.866666666666666363e-02
4.866666666666666363e-02
4.866666666666666363e-02
4.866666666666666363e-02
4.866666666666666363e-02
4.866666666666666363e-02
4.866666666666666363e-02
4.833333333333333232e-02
4.833333333333333232e-02
4.833333333333333232e-02
4.833333333333333232e-02
4.833333333333333232e-02
4.833333333333333232e-02
4.833333333333333232e-02
4.733333333333333143e-02
4.733333333333333143e-02
4.733333333333333143e-02
4.733333333333333143e-02
4.733333333333333143e-02
4.666666666666666879e-02
4.666666666666666879e-02
4.633333333333333054e-02
4.633333333333333054e-02
4.633333333333333054e-02
4.633333333333333054e-02
4.599999999999999922e-02
4.599999999999999922e-02
4.599999999999999922e-02
4.599999999999999922e-02
4.599999999999999922e-02
4.566666666666666791e-02
4.566666666666666791e-02
4.566666666666666791e-02
4.566666666666666791e-02
4.499999999999999833e-02
4.499999999999999833e-02
4.499999999999999833e-02
4.466666666666666702e-02
4.466666666666666702e-02
4.466666666666666702e-02
4.433333333333333570e-02
4.399999999999999745e-02
4.366666666666666613e-02
4.366666666666666613e-02
4.333333333333333481e-02
4.299999999999999656e-02
4.266666666666666524e-02
4.266666666666666524e-02
4.266666666666666524e-02
4.266666666666666524e-02
4.266666666666666524e-02
4.233333333333333393e-02
4.233333333333333393e-02
4.233333333333333393e-02
4.233333333333333393e-02
4.200000000000000261e-02
4.200000000000000261e-02
4.200000000000000261e-02
4.200000000000000261e-02
4.166666666666666435e-02
4.166666666666666435e-02
4.166666666666666435e-02
4.166666666666666435e-02
4.166666666666666435e-02
4.166666666666666435e-02
4.166666666666666435e-02
4.166666666666666435e-02
4.166666666666666435e-02
4.166666666666666435e-02
4.166666666666666435e-02
4.166666666666666435e-02
4.166666666666666435e-02
4.166666666666666435e-02
4.133333333333333304e-02
4.133333333333333304e-02
4.133333333333333304e-02
4.133333333333333304e-02
4.133333333333333304e-02
4.133333333333333304e-02
4.133333333333333304e-02
4.133333333333333304e-02
4.133333333333333304e-02
4.133333333333333304e-02
4.133333333333333304e-02
4.133333333333333304e-02
4.133333333333333304e-02
4.133333333333333304e-02
4.133333333333333304e-02
4.133333333333333304e-02
4.133333333333333304e-02
4.100000000000000172e-02
4.100000000000000172e-02
4.066666666666666347e-02
4.066666666666666347e-02
4.033333333333333215e-02
4.033333333333333215e-02
4.033333333333333215e-02
4.033333333333333215e-02
4.033333333333333215e-02
4.033333333333333215e-02
4.033333333333333215e-02
4.033333333333333215e-02
4.033333333333333215e-02
4.033333333333333215e-02
4.033333333333333215e-02
4.033333333333333215e-02
4.033333333333333215e-02
4.033333333333333215e-02
4.033333333333333215e-02
4.033333333333333215e-02
4.033333333333333215e-02
4.033333333333333215e-02
4.000000000000000083e-02
4.000000000000000083e-02
3.966666666666666952e-02
3.966666666666666952e-02
3.933333333333333126e-02
3.933333333333333126e-02
3.933333333333333126e-02
3.933333333333333126e-02
3.899999999999999994e-02
3.899999999999999994e-02
3.899999999999999994e-02
3.899999999999999994e-02
3.866666666666666863e-02
3.866666666666666863e-02
3.866666666666666863e-02
3.866666666666666863e-02
3.866666666666666863e-02
3.833333333333333037e-02
3.833333333333333037e-02
3.833333333333333037e-02
3.833333333333333037e-02
3.833333333333333037e-02
3.833333333333333037e-02
3.833333333333333037e-02
3.799999999999999906e-02
3.799999999999999906e-02
3.799999999999999906e-02
3.799999999999999906e-02
3.799999999999999906e-02
3.799999999999999906e-02
3.799999999999999906e-02
3.799999999999999906e-02
3.799999999999999906e-02
3.799999999999999906e-02
3.799999999999999906e-02
3.766666666666666774e-02
3.766666666666666774e-02
3.766666666666666774e-02
3.766666666666666774e-02
3.766666666666666774e-02
3.766666666666666774e-02
3.733333333333333642e-02
3.699999999999999817e-02
3.699999999999999817e-02
3.666666666666666685e-02
3.633333333333333554e-02
3.633333333333333554e-02
3.633333333333333554e-02
3.633333333333333554e-02
3.633333333333333554e-02
3.599999999999999728e-02
3.599999999999999728e-02
3.599999999999999728e-02
3.566666666666666596e-02
3.566666666666666596e-02
3.566666666666666596e-02
3.566666666666666596e-02
3.533333333333333465e-02
3.533333333333333465e-02
3.533333333333333465e-02
3.500000000000000333e-02
3.500000000000000333e-02
3.500000000000000333e-02
3.433333333333333376e-02
3.433333333333333376e-02
3.433333333333333376e-02
3.433333333333333376e-02
3.433333333333333376e-02
3.433333333333333376e-02
3.433333333333333376e-02
3.433333333333333376e-02
3.433333333333333376e-02
3.400000000000000244e-02
3.400000000000000244e-02
3.400000000000000244e-02
3.400000000000000244e-02
3.400000000000000244e-02
3.400000000000000244e-02
3.400000000000000244e-02
3.400000000000000244e-02
3.400000000000000244e-02
3.400000000000000244e-02
3.400000000000000244e-02
3.366666666666666419e-02
3.366666666666666419e-02
3.366666666666666419e-02
3.366666666666666419e-02
3.366666666666666419e-02
3.366666666666666419e-02
3.366666666666666419e-02
3.366666666666666419e-02
3.366666666666666419e-02
3.333333333333333287e-02
3.333333333333333287e-02
3.333333333333333287e-02
3.333333333333333287e-02
3.333333333333333287e-02
3.333333333333333287e-02
3.333333333333333287e-02
3.333333333333333287e-02
3.333333333333333287e-02
3.333333333333333287e-02
3.333333333333333287e-02
3.333333333333333287e-02
3.333333333333333287e-02
3.333333333333333287e-02
3.333333333333333287e-02
3.300000000000000155e-02
3.300000000000000155e-02
3.266666666666666330e-02
3.266666666666666330e-02
3.233333333333333198e-02
3.233333333333333198e-02
3.233333333333333198e-02
3.233333333333333198e-02
3.233333333333333198e-02
3.233333333333333198e-02
3.233333333333333198e-02
3.233333333333333198e-02
3.233333333333333198e-02
3.200000000000000067e-02
3.200000000000000067e-02
3.200000000000000067e-02
3.200000000000000067e-02
3.200000000000000067e-02
3.200000000000000067e-02
3.200000000000000067e-02
3.200000000000000067e-02
3.200000000000000067e-02
3.200000000000000067e-02
3.200000000000000067e-02
3.200000000000000067e-02
3.200000000000000067e-02
3.200000000000000067e-02
3.200000000000000067e-02
3.200000000000000067e-02
3.200000000000000067e-02
3.200000000000000067e-02
3.200000000000000067e-02
3.200000000000000067e-02
3.166666666666666935e-02
3.166666666666666935e-02
3.166666666666666935e-02
3.133333333333333109e-02
3.133333333333333109e-02
3.099999999999999978e-02
3.099999999999999978e-02
3.099999999999999978e-02
3.099999999999999978e-02
3.099999999999999978e-02
3.066666666666666499e-02
3.066666666666666499e-02
3.066666666666666499e-02
3.066666666666666499e-02
3.066666666666666499e-02
3.066666666666666499e-02
3.066666666666666499e-02
3.066666666666666499e-02
3.066666666666666499e-02
3.066666666666666499e-02
3.066666666666666499e-02
3.066666666666666499e-02
3.066666666666666499e-02
3.066666666666666499e-02
3.066666666666666499e-02
3.066666666666666499e-02
3.066666666666666499e-02
3.066666666666666499e-02
3.066666666666666499e-02
3.066666666666666499e-02
3.066666666666666499e-02
3.066666666666666499e-02
3.066666666666666499e-02
3.066666666666666499e-02
3.066666666666666499e-02
3.066666666666666499e-02
3.066666666666666499e-02
3.066666666666666499e-02
3.033333333333333368e-02
3.033333333333333368e-02
3.033333333333333368e-02
3.033333333333333368e-02
3.033333333333333368e-02
2.999999999999999889e-02
2.999999999999999889e-02
2.933333333333333279e-02
2.933333333333333279e-02
2.933333333333333279e-02
2.933333333333333279e-02
2.933333333333333279e-02
2.933333333333333279e-02
2.933333333333333279e-02
2.900000000000000147e-02
2.900000000000000147e-02
2.900000000000000147e-02
2.900000000000000147e-02
2.900000000000000147e-02
2.900000000000000147e-02
2.900000000000000147e-02
2.900000000000000147e-02
2.900000000000000147e-02
2.900000000000000147e-02
2.900000000000000147e-02
2.900000000000000147e-02
2.900000000000000147e-02
2.900000000000000147e-02
2.866666666666666669e-02
2.866666666666666669e-02
2.866666666666666669e-02
2.866666666666666669e-02
2.866666666666666669e-02
2.866666666666666669e-02
2.866666666666666669e-02
2.866666666666666669e-02
2.866666666666666669e-02
2.866666666666666669e-02
2.866666666666666669e-02
2.866666666666666669e-02
2.866666666666666669e-02
2.866666666666666669e-02
2.866666666666666669e-02
2.866666666666666669e-02
2.833333333333333190e-02
2.833333333333333190e-02
2.800000000000000058e-02
2.800000000000000058e-02
2.800000000000000058e-02
2.800000000000000058e-02
2.766666666666666580e-02
2.766666666666666580e-02
2.766666666666666580e-02
2.766666666666666580e-02
2.766666666666666580e-02
2.766666666666666580e-02
2.766666666666666580e-02
2.766666666666666580e-02
2.766666666666666580e-02
2.766666666666666580e-02
2.766666666666666580e-02
2.766666666666666580e-02
2.766666666666666580e-02
2.733333333333333448e-02
2.733333333333333448e-02
2.733333333333333448e-02
2.733333333333333448e-02
2.733333333333333448e-02
2.733333333333333448e-02
2.733333333333333448e-02
2.733333333333333448e-02
2.733333333333333448e-02
2.733333333333333448e-02
2.733333333333333448e-02
2.733333333333333448e-02
2.733333333333333448e-02
2.733333333333333448e-02
2.733333333333333448e-02
2.733333333333333448e-02
2.733333333333333448e-02
2.733333333333333448e-02
2.733333333333333448e-02
2.733333333333333448e-02
2.733333333333333448e-02
2.733333333333333448e-02
2.699999999999999969e-02
2.699999999999999969e-02
2.699999999999999969e-02
2.699999999999999969e-02
2.699999999999999969e-02
2.699999999999999969e-02
2.699999999999999969e-02
2.699999999999999969e-02
2.699999999999999969e-02
2.699999999999999969e-02
2.699999999999999969e-02
2.666666666666666838e-02
2.666666666666666838e-02
2.666666666666666838e-02
2.666666666666666838e-02
2.666666666666666838e-02
2.666666666666666838e-02
2.666666666666666838e-02
2.666666666666666838e-02
2.666666666666666838e-02
2.666666666666666838e-02
2.666666666666666838e-02
2.666666666666666838e-02
2.666666666666666838e-02
2.633333333333333359e-02
2.633333333333333359e-02
2.633333333333333359e-02
2.633333333333333359e-02
2.633333333333333359e-02
2.633333333333333359e-02
2.633333333333333359e-02
2.633333333333333359e-02
2.633333333333333359e-02
2.599999999999999881e-02
2.599999999999999881e-02
2.599999999999999881e-02
2.599999999999999881e-02
2.599999999999999881e-02
2.599999999999999881e-02
2.599999999999999881e-02
2.599999999999999881e-02
2.566666666666666749e-02
2.566666666666666749e-02
2.566666666666666749e-02
2.566666666666666749e-02
2.566666666666666749e-02
2.566666666666666749e-02
2.566666666666666749e-02
2.566666666666666749e-02
2.566666666666666749e-02
2.566666666666666749e-02
2.566666666666666749e-02
2.533333333333333270e-02
2.500000000000000139e-02
2.500000000000000139e-02
2.466666666666666660e-02
2.466666666666666660e-02
2.466666666666666660e-02
2.466666666666666660e-02
2.466666666666666660e-02
2.466666666666666660e-02
2.466666666666666660e-02
2.466666666666666660e-02
2.466666666666666660e-02
2.466666666666666660e-02
2.466666666666666660e-02
2.466666666666666660e-02
2.433333333333333182e-02
2.433333333333333182e-02
2.433333333333333182e-02
2.433333333333333182e-02
2.433333333333333182e-02
2.433333333333333182e-02
2.433333333333333182e-02
2.433333333333333182e-02
2.433333333333333182e-02
2.433333333333333182e-02
2.433333333333333182e-02
2.433333333333333182e-02
2.433333333333333182e-02
2.433333333333333182e-02
2.433333333333333182e-02
2.433333333333333182e-02
2.433333333333333182e-02
2.433333333333333182e-02
2.433333333333333182e-02
2.433333333333333182e-02
2.433333333333333182e-02
2.433333333333333182e-02
2.433333333333333182e-02
2.433333333333333182e-02
2.400000000000000050e-02
2.400000000000000050e-02
2.400000000000000050e-02
2.400000000000000050e-02
2.400000000000000050e-02
2.400000000000000050e-02
2.400000000000000050e-02
2.400000000000000050e-02
2.400000000000000050e-02
2.400000000000000050e-02
2.400000000000000050e-02
2.400000000000000050e-02
2.400000000000000050e-02
2.400000000000000050e-02
2.400000000000000050e-02
2.400000000000000050e-02
2.400000000000000050e-02
2.400000000000000050e-02
2.400000000000000050e-02
2.400000000000000050e-02
2.400000000000000050e-02
2.400000000000000050e-02
2.400000000000000050e-02
2.366666666666666571e-02
2.366666666666666571e-02
2.366666666666666571e-02
2.366666666666666571e-02
2.366666666666666571e-02
2.366666666666666571e-02
2.366666666666666571e-02
2.366666666666666571e-02
2.366666666666666571e-02
2.366666666666666571e-02
2.366666666666666571e-02
2.366666666666666571e-02
2.366666666666666571e-02
2.366666666666666571e-02
2.366666666666666571e-02
2.366666666666666571e-02
2.333333333333333440e-02
2.333333333333333440e-02
2.333333333333333440e-02
2.333333333333333440e-02
2.333333333333333440e-02
2.299999999999999961e-02
2.266666666666666829e-02
2.266666666666666829e-02
2.266666666666666829e-02
2.266666666666666829e-02
2.266666666666666829e-02
2.266666666666666829e-02
2.266666666666666829e-02
2.266666666666666829e-02
2.266666666666666829e-02
2.266666666666666829e-02
2.266666666666666829e-02
2.266666666666666829e-02
2.266666666666666829e-02
2.266666666666666829e-02
2.266666666666666829e-02
2.266666666666666829e-02
2.266666666666666829e-02
2.266666666666666829e-02
2.266666666666666829e-02
2.266666666666666829e-02
2.266666666666666829e-02
2.266666666666666829e-02
2.233333333333333351e-02
2.233333333333333351e-02
2.233333333333333351e-02
2.233333333333333351e-02
2.233333333333333351e-02
2.233333333333333351e-02
2.233333333333333351e-02
2.233333333333333351e-02
2.233333333333333351e-02
2.233333333333333351e-02
2.233333333333333351e-02
2.233333333333333351e-02
2.199999999999999872e-02
2.199999999999999872e-02
2.199999999999999872e-02
2.166666666666666741e-02
2.166666666666666741e-02
2.166666666666666741e-02
2.166666666666666741e-02
2.166666666666666741e-02
2.166666666666666741e-02
2.166666666666666741e-02
2.166666666666666741e-02
2.166666666666666741e-02
2.166666666666666741e-02
2.166666666666666741e-02
2.166666666666666741e-02
2.166666666666666741e-02
2.166666666666666741e-02
2.166666666666666741e-02
2.166666666666666741e-02
2.166666666666666741e-02
2.166666666666666741e-02
2.166666666666666741e-02
2.166666666666666741e-02
2.166666666666666741e-02
2.166666666666666741e-02
2.166666666666666741e-02
2.166666666666666741e-02
2.166666666666666741e-02
2.166666666666666741e-02
2.166666666666666741e-02
2.166666666666666741e-02
2.166666666666666741e-02
2.166666666666666741e-02
2.166666666666666741e-02
2.166666666666666741e-02
2.166666666666666741e-02
2.166666666666666741e-02
2.166666666666666741e-02
2.166666666666666741e-02
2.133333333333333262e-02
2.133333333333333262e-02
2.133333333333333262e-02
2.133333333333333262e-02
2.100000000000000130e-02
2.100000000000000130e-02
2.100000000000000130e-02
2.100000000000000130e-02
2.100000000000000130e-02
2.100000000000000130e-02
2.100000000000000130e-02
2.100000000000000130e-02
2.100000000000000130e-02
2.100000000000000130e-02
2.100000000000000130e-02
2.100000000000000130e-02
2.100000000000000130e-02
2.100000000000000130e-02
2.100000000000000130e-02
2.100000000000000130e-02
2.100000000000000130e-02
2.100000000000000130e-02
2.100000000000000130e-02
2.100000000000000130e-02
2.100000000000000130e-02
2.100000000000000130e-02
2.100000000000000130e-02
2.066666666666666652e-02
2.066666666666666652e-02
2.066666666666666652e-02
2.033333333333333173e-02
2.033333333333333173e-02
2.033333333333333173e-02
2.033333333333333173e-02
2.000000000000000042e-02
2.000000000000000042e-02
2.000000000000000042e-02
2.000000000000000042e-02
2.000000000000000042e-02
2.000000000000000042e-02
2.000000000000000042e-02
2.000000000000000042e-02
2.000000000000000042e-02
2.000000000000000042e-02
2.000000000000000042e-02
2.000000000000000042e-02
2.000000000000000042e-02
2.000000000000000042e-02
2.000000000000000042e-02
2.000000000000000042e-02
2.000000000000000042e-02
2.000000000000000042e-02
1.966666666666666563e-02
1.966666666666666563e-02
1.966666666666666563e-02
1.966666666666666563e-02
1.966666666666666563e-02
1.966666666666666563e-02
1.966666666666666563e-02
1.966666666666666563e-02
1.933333333333333431e-02
1.933333333333333431e-02
1.933333333333333431e-02
1.933333333333333431e-02
1.933333333333333431e-02
1.933333333333333431e-02
1.933333333333333431e-02
1.933333333333333431e-02
1.933333333333333431e-02
1.933333333333333431e-02
1.933333333333333431e-02
1.933333333333333431e-02
1.933333333333333431e-02
1.933333333333333431e-02
1.933333333333333431e-02
1.933333333333333431e-02
1.933333333333333431e-02
1.933333333333333431e-02
1.933333333333333431e-02
1.933333333333333431e-02
1.933333333333333431e-02
1.933333333333333431e-02
1.933333333333333431e-02
1.933333333333333431e-02
1.933333333333333431e-02
1.933333333333333431e-02
1.933333333333333431e-02
1.933333333333333431e-02
1.933333333333333431e-02
1.933333333333333431e-02
1.933333333333333431e-02
1.933333333333333431e-02
1.933333333333333431e-02
1.933333333333333431e-02
1.933333333333333431e-02
1.933333333333333431e-02
1.933333333333333431e-02
1.933333333333333431e-02
1.933333333333333431e-02
1.933333333333333431e-02
1.899999999999999953e-02
1.899999999999999953e-02
1.899999999999999953e-02
1.899999999999999953e-02
1.866666666666666821e-02
1.866666666666666821e-02
1.866666666666666821e-02
1.833333333333333343e-02
1.833333333333333343e-02
1.833333333333333343e-02
1.833333333333333343e-02
1.833333333333333343e-02
1.833333333333333343e-02
1.833333333333333343e-02
1.833333333333333343e-02
1.833333333333333343e-02
1.799999999999999864e-02
1.799999999999999864e-02
1.799999999999999864e-02
1.799999999999999864e-02
1.799999999999999864e-02
1.799999999999999864e-02
1.799999999999999864e-02
1.799999999999999864e-02
1.799999999999999864e-02
1.799999999999999864e-02
1.799999999999999864e-02
1.799999999999999864e-02
1.799999999999999864e-02
1.799999999999999864e-02
1.799999999999999864e-02
1.799999999999999864e-02
1.799999999999999864e-02
1.799999999999999864e-02
1.799999999999999864e-02
1.799999999999999864e-02
1.799999999999999864e-02
1.799999999999999864e-02
1.799999999999999864e-02
1.799999999999999864e-02
1.799999999999999864e-02
1.799999999999999864e-02
1.799999999999999864e-02
1.799999999999999864e-02
1.799999999999999864e-02
1.799999999999999864e-02
1.799999999999999864e-02
1.799999999999999864e-02
1.799999999999999864e-02
1.799999999999999864e-02
1.799999999999999864e-02
1.799999999999999864e-02
1.799999999999999864e-02
1.799999999999999864e-02
1.799999999999999864e-02
1.766666666666666732e-02
1.766666666666666732e-02
1.766666666666666732e-02
1.766666666666666732e-02
1.766666666666666732e-02
1.766666666666666732e-02
1.766666666666666732e-02
1.766666666666666732e-02
1.766666666666666732e-02
1.766666666666666732e-02
1.766666666666666732e-02
1.766666666666666732e-02
1.766666666666666732e-02
1.766666666666666732e-02
1.766666666666666732e-02
1.766666666666666732e-02
1.766666666666666732e-02
1.766666666666666732e-02
1.766666666666666732e-02
1.766666666666666732e-02
1.766666666666666732e-02
1.766666666666666732e-02
1.766666666666666732e-02
1.766666666666666732e-02
1.766666666666666732e-02
1.766666666666666732e-02
1.766666666666666732e-02
1.766666666666666732e-02
1.766666666666666732e-02
1.766666666666666732e-02
1.766666666666666732e-02
1.766666666666666732e-02
1.766666666666666732e-02
1.766666666666666732e-02
1.766666666666666732e-02
1.766666666666666732e-02
1.733333333333333254e-02
1.733333333333333254e-02
1.700000000000000122e-02
1.700000000000000122e-02
1.700000000000000122e-02
1.700000000000000122e-02
1.700000000000000122e-02
1.700000000000000122e-02
1.700000000000000122e-02
1.700000000000000122e-02
1.700000000000000122e-02
1.700000000000000122e-02
1.700000000000000122e-02
1.700000000000000122e-02
1.700000000000000122e-02
1.700000000000000122e-02
1.700000000000000122e-02
1.700000000000000122e-02
1.700000000000000122e-02
1.700000000000000122e-02
1.700000000000000122e-02
1.700000000000000122e-02
1.700000000000000122e-02
1.700000000000000122e-02
1.700000000000000122e-02
1.700000000000000122e-02
1.700000000000000122e-02
1.700000000000000122e-02
1.700000000000000122e-02
1.700000000000000122e-02
1.700000000000000122e-02
1.700000000000000122e-02
1.700000000000000122e-02
1.666666666666666644e-02
1.666666666666666644e-02
1.666666666666666644e-02
1.666666666666666644e-02
1.666666666666666644e-02
1.666666666666666644e-02
1.666666666666666644e-02
1.666666666666666644e-02
1.666666666666666644e-02
1.666666666666666644e-02
1.666666666666666644e-02
1.666666666666666644e-02
1.666666666666666644e-02
1.666666666666666644e-02
1.666666666666666644e-02
1.666666666666666644e-02
1.666666666666666644e-02
1.666666666666666644e-02
1.666666666666666644e-02
1.666666666666666644e-02
1.666666666666666644e-02
1.666666666666666644e-02
1.666666666666666644e-02
1.666666666666666644e-02
1.666666666666666644e-02
1.666666666666666644e-02
1.666666666666666644e-02
1.666666666666666644e-02
1.666666666666666644e-02
1.666666666666666644e-02
1.666666666666666644e-02
1.633333333333333165e-02
1.633333333333333165e-02
1.633333333333333165e-02
1.633333333333333165e-02
1.633333333333333165e-02
1.633333333333333165e-02
1.633333333333333165e-02
1.633333333333333165e-02
1.633333333333333165e-02
1.633333333333333165e-02
1.633333333333333165e-02
1.600000000000000033e-02
1.600000000000000033e-02
1.600000000000000033e-02
1.600000000000000033e-02
1.600000000000000033e-02
1.600000000000000033e-02
1.600000000000000033e-02
1.600000000000000033e-02
1.600000000000000033e-02
1.600000000000000033e-02
1.600000000000000033e-02
1.600000000000000033e-02
1.600000000000000033e-02
1.600000000000000033e-02
1.600000000000000033e-02
1.600000000000000033e-02
1.600000000000000033e-02
1.600000000000000033e-02
1.600000000000000033e-02
1.600000000000000033e-02
1.600000000000000033e-02
1.566666666666666555e-02
1.566666666666666555e-02
1.566666666666666555e-02
1.566666666666666555e-02
1.566666666666666555e-02
1.566666666666666555e-02
1.566666666666666555e-02
1.566666666666666555e-02
1.566666666666666555e-02
1.566666666666666555e-02
1.566666666666666555e-02
1.566666666666666555e-02
1.566666666666666555e-02
1.566666666666666555e-02
1.566666666666666555e-02
1.566666666666666555e-02
1.566666666666666555e-02
1.566666666666666555e-02
1.566666666666666555e-02
1.566666666666666555e-02
1.566666666666666555e-02
1.566666666666666555e-02
1.566666666666666555e-02
1.566666666666666555e-02
1.566666666666666555e-02
1.566666666666666555e-02
1.566666666666666555e-02
1.566666666666666555e-02
1.566666666666666555e-02
1.566666666666666555e-02
1.566666666666666555e-02
1.566666666666666555e-02
1.566666666666666555e-02
1.566666666666666555e-02
1.566666666666666555e-02
1.566666666666666555e-02
1.566666666666666555e-02
1.566666666666666555e-02
1.566666666666666555e-02
1.566666666666666555e-02
1.566666666666666555e-02
1.533333333333333250e-02
1.533333333333333250e-02
1.533333333333333250e-02
1.533333333333333250e-02
1.533333333333333250e-02
1.533333333333333250e-02
1.533333333333333250e-02
1.533333333333333250e-02
1.533333333333333250e-02
1.533333333333333250e-02
1.533333333333333250e-02
1.533333333333333250e-02
1.533333333333333250e-02
1.533333333333333250e-02
1.533333333333333250e-02
1.533333333333333250e-02
1.533333333333333250e-02
1.533333333333333250e-02
1.533333333333333250e-02
1.533333333333333250e-02
1.533333333333333250e-02
1.533333333333333250e-02
1.533333333333333250e-02
1.533333333333333250e-02
1.533333333333333250e-02
1.533333333333333250e-02
1.533333333333333250e-02
1.533333333333333250e-02
1.533333333333333250e-02
1.533333333333333250e-02
1.533333333333333250e-02
1.533333333333333250e-02
1.533333333333333250e-02
1.533333333333333250e-02
1.533333333333333250e-02
1.533333333333333250e-02
1.533333333333333250e-02
1.533333333333333250e-02
1.533333333333333250e-02
1.533333333333333250e-02
1.533333333333333250e-02
1.533333333333333250e-02
1.533333333333333250e-02
1.533333333333333250e-02
1.533333333333333250e-02
1.533333333333333250e-02
1.533333333333333250e-02
1.533333333333333250e-02
1.499999999999999944e-02
1.499999999999999944e-02
1.499999999999999944e-02
1.499999999999999944e-02
1.499999999999999944e-02
1.499999999999999944e-02
1.499999999999999944e-02
1.499999999999999944e-02
1.499999999999999944e-02
1.499999999999999944e-02
1.499999999999999944e-02
1.499999999999999944e-02
1.499999999999999944e-02
1.499999999999999944e-02
1.499999999999999944e-02
1.499999999999999944e-02
1.499999999999999944e-02
1.499999999999999944e-02
1.499999999999999944e-02
1.499999999999999944e-02
1.499999999999999944e-02
1.499999999999999944e-02
1.499999999999999944e-02
1.499999999999999944e-02
1.499999999999999944e-02
1.499999999999999944e-02
1.499999999999999944e-02
1.499999999999999944e-02
1.499999999999999944e-02
1.499999999999999944e-02
1.499999999999999944e-02
1.499999999999999944e-02
1.499999999999999944e-02
1.499999999999999944e-02
1.499999999999999944e-02
1.499999999999999944e-02
1.499999999999999944e-02
1.499999999999999944e-02
1.499999999999999944e-02
1.499999999999999944e-02
1.499999999999999944e-02
1.499999999999999944e-02
1.499999999999999944e-02
1.499999999999999944e-02
1.499999999999999944e-02
1.499999999999999944e-02
1.499999999999999944e-02
1.499999999999999944e-02
1.499999999999999944e-02
1.499999999999999944e-02
1.499999999999999944e-02
1.499999999999999944e-02
1.499999999999999944e-02
1.499999999999999944e-02
1.499999999999999944e-02
1.499999999999999944e-02
1.499999999999999944e-02
1.499999999999999944e-02
1.499999999999999944e-02
1.499999999999999944e-02
1.499999999999999944e-02
1.499999999999999944e-02
1.499999999999999944e-02
1.499999999999999944e-02
1.499999999999999944e-02
1.499999999999999944e-02
1.499999999999999944e-02
1.499999999999999944e-02
1.499999999999999944e-02
1.499999999999999944e-02
1.499999999999999944e-02
1.499999999999999944e-02
1.499999999999999944e-02
1.499999999999999944e-02
1.499999999999999944e-02
1.499999999999999944e-02
1.499999999999999944e-02
1.499999999999999944e-02
1.499999999999999944e-02
1.499999999999999944e-02
1.499999999999999944e-02
1.499999999999999944e-02
1.499999999999999944e-02
1.499999999999999944e-02
1.499999999999999944e-02
1.499999999999999944e-02
1.499999999999999944e-02
1.499999999999999944e-02
1.499999999999999944e-02
1.499999999999999944e-02
1.499999999999999944e-02
1.499999999999999944e-02
1.499999999999999944e-02
1.466666666666666639e-02
1.466666666666666639e-02
1.466666666666666639e-02
1.466666666666666639e-02
1.466666666666666639e-02
1.466666666666666639e-02
1.466666666666666639e-02
1.466666666666666639e-02
1.466666666666666639e-02
1.466666666666666639e-02
1.466666666666666639e-02
1.466666666666666639e-02
1.466666666666666639e-02
1.466666666666666639e-02
1.466666666666666639e-02
1.466666666666666639e-02
1.466666666666666639e-02
1.466666666666666639e-02
1.466666666666666639e-02
1.466666666666666639e-02
1.466666666666666639e-02
1.466666666666666639e-02
1.466666666666666639e-02
1.466666666666666639e-02
1.466666666666666639e-02
1.466666666666666639e-02
1.466666666666666639e-02
1.466666666666666639e-02
1.466666666666666639e-02
1.466666666666666639e-02
1.466666666666666639e-02
1.466666666666666639e-02
1.466666666666666639e-02
1.466666666666666639e-02
1.466666666666666639e-02
1.466666666666666639e-02
1.466666666666666639e-02
1.466666666666666639e-02
1.466666666666666639e-02
1.466666666666666639e-02
1.466666666666666639e-02
1.466666666666666639e-02
1.466666666666666639e-02
1.466666666666666639e-02
1.466666666666666639e-02
1.466666666666666639e-02
1.466666666666666639e-02
1.466666666666666639e-02
1.466666666666666639e-02
1.466666666666666639e-02
1.466666666666666639e-02
1.466666666666666639e-02
1.466666666666666639e-02
1.466666666666666639e-02
1.466666666666666639e-02
1.466666666666666639e-02
1.466666666666666639e-02
1.466666666666666639e-02
1.466666666666666639e-02
1.466666666666666639e-02
1.466666666666666639e-02
1.466666666666666639e-02
1.466666666666666639e-02
1.466666666666666639e-02
1.466666666666666639e-02
1.466666666666666639e-02
1.466666666666666639e-02
1.466666666666666639e-02
1.466666666666666639e-02
1.466666666666666639e-02
1.466666666666666639e-02
1.466666666666666639e-02
1.466666666666666639e-02
1.466666666666666639e-02
1.466666666666666639e-02
1.466666666666666639e-02
1.466666666666666639e-02
1.466666666666666639e-02
1.466666666666666639e-02
1.466666666666666639e-02
1.466666666666666639e-02
1.466666666666666639e-02
1.466666666666666639e-02
1.466666666666666639e-02
1.466666666666666639e-02
1.466666666666666639e-02
1.466666666666666639e-02
1.466666666666666639e-02
1.466666666666666639e-02
1.466666666666666639e-02
1.466666666666666639e-02
1.466666666666666639e-02
1.466666666666666639e-02
1.466666666666666639e-02
1.466666666666666639e-02
1.466666666666666639e-02
1.466666666666666639e-02
1.466666666666666639e-02
1.466666666666666639e-02
1.466666666666666639e-02
1.466666666666666639e-02
1.466666666666666639e-02
1.466666666666666639e-02
1.466666666666666639e-02
1.466666666666666639e-02
1.466666666666666639e-02
1.466666666666666639e-02
1.466666666666666639e-02
1.466666666666666639e-02
1.466666666666666639e-02
1.466666666666666639e-02
1.466666666666666639e-02
1.466666666666666639e-02
1.466666666666666639e-02
1.466666666666666639e-02
1.466666666666666639e-02
1.466666666666666639e-02
1.466666666666666639e-02
1.466666666666666639e-02
1.466666666666666639e-02
1.466666666666666639e-02
1.466666666666666639e-02
1.466666666666666639e-02
1.466666666666666639e-02
1.466666666666666639e-02
1.466666666666666639e-02
1.466666666666666639e-02
1.466666666666666639e-02
1.466666666666666639e-02
1.466666666666666639e-02
1.466666666666666639e-02
1.466666666666666639e-02
1.466666666666666639e-02
1.466666666666666639e-02
1.466666666666666639e-02
1.466666666666666639e-02
1.466666666666666639e-02
1.466666666666666639e-02
1.466666666666666639e-02
1.466666666666666639e-02
1.466666666666666639e-02
1.466666666666666639e-02
1.466666666666666639e-02
1.466666666666666639e-02
1.466666666666666639e-02
1.466666666666666639e-02
1.466666666666666639e-02
1.466666666666666639e-02
1.466666666666666639e-02
1.466666666666666639e-02
1.466666666666666639e-02
1.466666666666666639e-02
1.466666666666666639e-02
1.466666666666666639e-02
1.466666666666666639e-02
1.466666666666666639e-02
1.466666666666666639e-02
1.466666666666666639e-02
1.466666666666666639e-02
1.466666666666666639e-02
1.466666666666666639e-02
1.466666666666666639e-02
1.466666666666666639e-02
1.466666666666666639e-02
1.466666666666666639e-02
1.466666666666666639e-02
1.466666666666666639e-02
1.466666666666666639e-02
1.466666666666666639e-02
1.466666666666666639e-02
1.466666666666666639e-02
1.466666666666666639e-02
1.466666666666666639e-02
1.466666666666666639e-02
1.466666666666666639e-02
1.466666666666666639e-02
1.466666666666666639e-02
1.466666666666666639e-02
1.466666666666666639e-02
1.466666666666666639e-02
1.466666666666666639e-02
1.466666666666666639e-02
1.466666666666666639e-02
1.466666666666666639e-02
1.466666666666666639e-02
1.466666666666666639e-02
1.466666666666666639e-02
1.466666666666666639e-02
1.466666666666666639e-02
1.466666666666666639e-02
1.466666666666666639e-02
1.466666666666666639e-02
1.466666666666666639e-02
1.466666666666666639e-02
1.466666666666666639e-02
1.466666666666666639e-02
1.466666666666666639e-02
1.466666666666666639e-02
1.466666666666666639e-02
1.466666666666666639e-02
1.466666666666666639e-02
1.466666666666666639e-02
1.466666666666666639e-02
1.466666666666666639e-02
1.466666666666666639e-02
1.466666666666666639e-02
1.466666666666666639e-02
1.466666666666666639e-02
1.466666666666666639e-02
1.466666666666666639e-02
1.466666666666666639e-02
1.466666666666666639e-02
1.466666666666666639e-02
1.466666666666666639e-02
1.466666666666666639e-02
1.466666666666666639e-02
1.466666666666666639e-02
1.466666666666666639e-02
1.466666666666666639e-02
1.466666666666666639e-02
1.466666666666666639e-02
1.466666666666666639e-02
1.466666666666666639e-02
1.466666666666666639e-02
1.466666666666666639e-02
1.466666666666666639e-02
1.466666666666666639e-02
1.466666666666666639e-02
1.466666666666666639e-02
1.466666666666666639e-02
1.466666666666666639e-02
1.466666666666666639e-02
1.466666666666666639e-02
1.466666666666666639e-02
1.466666666666666639e-02
1.466666666666666639e-02
1.466666666666666639e-02
1.466666666666666639e-02
1.466666666666666639e-02
1.466666666666666639e-02
1.466666666666666639e-02
1.466666666666666639e-02
1.466666666666666639e-02
1.466666666666666639e-02
1.466666666666666639e-02
1.466666666666666639e-02
1.466666666666666639e-02
1.466666666666666639e-02
1.466666666666666639e-02
1.466666666666666639e-02
1.466666666666666639e-02
1.433333333333333334e-02
1.433333333333333334e-02
1.433333333333333334e-02
1.433333333333333334e-02
1.433333333333333334e-02
1.433333333333333334e-02
1.433333333333333334e-02
1.433333333333333334e-02
1.433333333333333334e-02
1.433333333333333334e-02
1.433333333333333334e-02
1.433333333333333334e-02
1.433333333333333334e-02
1.433333333333333334e-02
1.433333333333333334e-02
1.433333333333333334e-02
1.433333333333333334e-02
1.433333333333333334e-02
1.433333333333333334e-02
1.433333333333333334e-02
1.433333333333333334e-02
1.433333333333333334e-02
1.433333333333333334e-02
1.433333333333333334e-02
1.433333333333333334e-02
1.433333333333333334e-02
1.433333333333333334e-02
1.433333333333333334e-02
1.433333333333333334e-02
1.433333333333333334e-02
1.433333333333333334e-02
1.433333333333333334e-02
1.433333333333333334e-02
1.433333333333333334e-02
1.433333333333333334e-02
1.433333333333333334e-02
1.433333333333333334e-02
1.433333333333333334e-02
1.433333333333333334e-02
1.433333333333333334e-02
1.433333333333333334e-02
1.433333333333333334e-02
1.433333333333333334e-02
1.433333333333333334e-02
1.433333333333333334e-02
1.433333333333333334e-02
1.433333333333333334e-02
1.433333333333333334e-02
1.433333333333333334e-02
1.433333333333333334e-02
1.433333333333333334e-02
1.400000000000000029e-02
1.400000000000000029e-02
1.400000000000000029e-02
1.400000000000000029e-02
1.400000000000000029e-02
1.400000000000000029e-02
1.400000000000000029e-02
1.400000000000000029e-02
1.400000000000000029e-02
1.400000000000000029e-02
1.400000000000000029e-02
1.400000000000000029e-02
1.400000000000000029e-02
1.400000000000000029e-02
1.400000000000000029e-02
1.400000000000000029e-02
1.366666666666666724e-02
1.366666666666666724e-02
1.366666666666666724e-02
1.366666666666666724e-02
1.366666666666666724e-02
1.366666666666666724e-02
1.366666666666666724e-02
1.366666666666666724e-02
1.366666666666666724e-02
1.366666666666666724e-02
1.333333333333333419e-02
1.333333333333333419e-02
1.333333333333333419e-02
1.333333333333333419e-02
1.333333333333333419e-02
1.333333333333333419e-02
1.333333333333333419e-02
1.333333333333333419e-02
1.333333333333333419e-02
1.333333333333333419e-02
1.333333333333333419e-02
1.333333333333333419e-02
1.333333333333333419e-02
1.333333333333333419e-02
1.333333333333333419e-02
1.333333333333333419e-02
1.333333333333333419e-02
1.333333333333333419e-02
1.333333333333333419e-02
1.333333333333333419e-02
1.333333333333333419e-02
1.333333333333333419e-02
1.333333333333333419e-02
1.333333333333333419e-02
1.333333333333333419e-02
1.333333333333333419e-02
1.333333333333333419e-02
1.333333333333333419e-02
1.333333333333333419e-02
1.333333333333333419e-02
1.333333333333333419e-02
1.333333333333333419e-02
1.333333333333333419e-02
1.333333333333333419e-02
1.333333333333333419e-02
1.299999999999999940e-02
1.299999999999999940e-02
1.299999999999999940e-02
1.299999999999999940e-02
1.299999999999999940e-02
1.299999999999999940e-02
1.299999999999999940e-02
1.299999999999999940e-02
1.299999999999999940e-02
1.299999999999999940e-02
1.299999999999999940e-02
1.299999999999999940e-02
1.299999999999999940e-02
1.299999999999999940e-02
1.299999999999999940e-02
1.299999999999999940e-02
1.299999999999999940e-02
1.299999999999999940e-02
