6.393333333333333091e-01
6.393333333333333091e-01
6.393333333333333091e-01
6.393333333333333091e-01
6.393333333333333091e-01
6.393333333333333091e-01
6.393333333333333091e-01
6.393333333333333091e-01
6.390000000000000124e-01
6.386666666666667158e-01
6.383333333333333082e-01
6.380000000000000115e-01
6.373333333333333073e-01
6.360000000000000098e-01
6.356666666666667131e-01
6.350000000000000089e-01
6.350000000000000089e-01
6.343333333333333046e-01
6.343333333333333046e-01
6.343333333333333046e-01
6.343333333333333046e-01
6.343333333333333046e-01
6.343333333333333046e-01
6.340000000000000080e-01
6.340000000000000080e-01
6.340000000000000080e-01
6.340000000000000080e-01
6.336666666666667114e-01
6.336666666666667114e-01
6.336666666666667114e-01
6.333333333333333037e-01
6.333333333333333037e-01
6.330000000000000071e-01
6.326666666666667105e-01
6.326666666666667105e-01
6.326666666666667105e-01
6.326666666666667105e-01
6.326666666666667105e-01
6.326666666666667105e-01
6.326666666666667105e-01
6.326666666666667105e-01
6.326666666666667105e-01
6.326666666666667105e-01
6.326666666666667105e-01
6.323333333333333028e-01
6.323333333333333028e-01
6.323333333333333028e-01
6.323333333333333028e-01
6.320000000000000062e-01
6.320000000000000062e-01
6.320000000000000062e-01
6.320000000000000062e-01
6.320000000000000062e-01
6.320000000000000062e-01
6.320000000000000062e-01
6.320000000000000062e-01
6.320000000000000062e-01
6.320000000000000062e-01
6.320000000000000062e-01
6.320000000000000062e-01
6.320000000000000062e-01
6.320000000000000062e-01
6.320000000000000062e-01
6.320000000000000062e-01
6.320000000000000062e-01
6.320000000000000062e-01
6.320000000000000062e-01
6.320000000000000062e-01
6.320000000000000062e-01
6.320000000000000062e-01
6.320000000000000062e-01
6.320000000000000062e-01
6.320000000000000062e-01
6.320000000000000062e-01
6.320000000000000062e-01
6.320000000000000062e-01
6.320000000000000062e-01
6.316666666666667096e-01
6.316666666666667096e-01
6.316666666666667096e-01
6.316666666666667096e-01
6.316666666666667096e-01
6.316666666666667096e-01
6.313333333333333020e-01
6.313333333333333020e-01
6.313333333333333020e-01
6.313333333333333020e-01
6.313333333333333020e-01
6.313333333333333020e-01
6.313333333333333020e-01
6.313333333333333020e-01
6.313333333333333020e-01
6.313333333333333020e-01
6.313333333333333020e-01
6.313333333333333020e-01
6.313333333333333020e-01
6.313333333333333020e-01
6.313333333333333020e-01
6.313333333333333020e-01
6.313333333333333020e-01
6.313333333333333020e-01
6.313333333333333020e-01
6.313333333333333020e-01
6.313333333333333020e-01
6.310000000000000053e-01
6.310000000000000053e-01
6.310000000000000053e-01
6.310000000000000053e-01
6.310000000000000053e-01
6.310000000000000053e-01
6.310000000000000053e-01
6.310000000000000053e-01
6.310000000000000053e-01
6.310000000000000053e-01
6.310000000000000053e-01
6.310000000000000053e-01
6.310000000000000053e-01
6.310000000000000053e-01
6.310000000000000053e-01
6.310000000000000053e-01
6.310000000000000053e-01
6.310000000000000053e-01
6.310000000000000053e-01
6.310000000000000053e-01
6.310000000000000053e-01
6.310000000000000053e-01
6.310000000000000053e-01
6.306666666666667087e-01
6.306666666666667087e-01
6.306666666666667087e-01
6.306666666666667087e-01
6.306666666666667087e-01
6.306666666666667087e-01
6.306666666666667087e-01
6.306666666666667087e-01
6.306666666666667087e-01
6.306666666666667087e-01
6.306666666666667087e-01
6.306666666666667087e-01
6.306666666666667087e-01
6.306666666666667087e-01
6.306666666666667087e-01
6.306666666666667087e-01
6.303333333333333011e-01
6.303333333333333011e-01
6.303333333333333011e-01
6.303333333333333011e-01
6.303333333333333011e-01
6.303333333333333011e-01
6.303333333333333011e-01
6.303333333333333011e-01
6.303333333333333011e-01
6.303333333333333011e-01
6.303333333333333011e-01
6.303333333333333011e-01
6.303333333333333011e-01
6.300000000000000044e-01
6.300000000000000044e-01
6.296666666666667078e-01
6.296666666666667078e-01
6.296666666666667078e-01
6.296666666666667078e-01
6.293333333333333002e-01
6.293333333333333002e-01
6.293333333333333002e-01
6.293333333333333002e-01
6.293333333333333002e-01
6.293333333333333002e-01
6.293333333333333002e-01
6.293333333333333002e-01
6.293333333333333002e-01
6.293333333333333002e-01
6.290000000000000036e-01
6.286666666666667069e-01
6.286666666666667069e-01
6.283333333333332993e-01
6.283333333333332993e-01
6.283333333333332993e-01
6.283333333333332993e-01
6.283333333333332993e-01
6.283333333333332993e-01
6.283333333333332993e-01
6.283333333333332993e-01
6.283333333333332993e-01
6.283333333333332993e-01
6.283333333333332993e-01
6.283333333333332993e-01
6.283333333333332993e-01
6.283333333333332993e-01
6.283333333333332993e-01
6.283333333333332993e-01
6.283333333333332993e-01
6.283333333333332993e-01
6.283333333333332993e-01
6.283333333333332993e-01
6.283333333333332993e-01
6.283333333333332993e-01
6.283333333333332993e-01
6.283333333333332993e-01
6.283333333333332993e-01
6.283333333333332993e-01
6.283333333333332993e-01
6.283333333333332993e-01
6.283333333333332993e-01
6.283333333333332993e-01
6.283333333333332993e-01
6.283333333333332993e-01
6.283333333333332993e-01
6.283333333333332993e-01
6.283333333333332993e-01
6.283333333333332993e-01
6.283333333333332993e-01
6.283333333333332993e-01
6.283333333333332993e-01
6.283333333333332993e-01
6.283333333333332993e-01
6.283333333333332993e-01
6.283333333333332993e-01
6.283333333333332993e-01
6.283333333333332993e-01
6.283333333333332993e-01
6.283333333333332993e-01
6.283333333333332993e-01
6.283333333333332993e-01
6.283333333333332993e-01
6.283333333333332993e-01
6.283333333333332993e-01
6.283333333333332993e-01
6.283333333333332993e-01
6.283333333333332993e-01
6.283333333333332993e-01
6.283333333333332993e-01
6.283333333333332993e-01
6.283333333333332993e-01
6.283333333333332993e-01
6.283333333333332993e-01
6.283333333333332993e-01
6.283333333333332993e-01
6.283333333333332993e-01
6.283333333333332993e-01
6.283333333333332993e-01
6.283333333333332993e-01
6.283333333333332993e-01
6.283333333333332993e-01
6.283333333333332993e-01
6.283333333333332993e-01
6.283333333333332993e-01
6.283333333333332993e-01
6.283333333333332993e-01
6.283333333333332993e-01
6.283333333333332993e-01
6.283333333333332993e-01
6.283333333333332993e-01
6.283333333333332993e-01
6.283333333333332993e-01
6.283333333333332993e-01
6.283333333333332993e-01
6.283333333333332993e-01
6.283333333333332993e-01
6.283333333333332993e-01
6.283333333333332993e-01
6.283333333333332993e-01
6.283333333333332993e-01
6.283333333333332993e-01
6.283333333333332993e-01
6.283333333333332993e-01
6.283333333333332993e-01
6.283333333333332993e-01
6.283333333333332993e-01
6.283333333333332993e-01
6.283333333333332993e-01
6.283333333333332993e-01
6.283333333333332993e-01
6.283333333333332993e-01
6.283333333333332993e-01
6.280000000000000027e-01
6.280000000000000027e-01
6.280000000000000027e-01
6.280000000000000027e-01
6.280000000000000027e-01
6.280000000000000027e-01
6.280000000000000027e-01
6.280000000000000027e-01
6.280000000000000027e-01
6.280000000000000027e-01
6.280000000000000027e-01
6.280000000000000027e-01
6.280000000000000027e-01
6.280000000000000027e-01
6.280000000000000027e-01
6.276666666666667060e-01
6.276666666666667060e-01
6.276666666666667060e-01
6.276666666666667060e-01
6.276666666666667060e-01
6.276666666666667060e-01
6.276666666666667060e-01
6.276666666666667060e-01
6.276666666666667060e-01
6.276666666666667060e-01
6.276666666666667060e-01
6.276666666666667060e-01
6.276666666666667060e-01
6.276666666666667060e-01
6.276666666666667060e-01
6.276666666666667060e-01
6.276666666666667060e-01
6.276666666666667060e-01
6.276666666666667060e-01
6.276666666666667060e-01
6.276666666666667060e-01
6.276666666666667060e-01
6.276666666666667060e-01
6.276666666666667060e-01
6.276666666666667060e-01
6.276666666666667060e-01
6.276666666666667060e-01
6.276666666666667060e-01
6.276666666666667060e-01
6.276666666666667060e-01
6.276666666666667060e-01
6.276666666666667060e-01
6.276666666666667060e-01
6.276666666666667060e-01
6.273333333333332984e-01
6.273333333333332984e-01
6.270000000000000018e-01
6.270000000000000018e-01
6.270000000000000018e-01
6.270000000000000018e-01
6.270000000000000018e-01
6.270000000000000018e-01
6.270000000000000018e-01
6.270000000000000018e-01
6.270000000000000018e-01
6.270000000000000018e-01
6.270000000000000018e-01
6.270000000000000018e-01
6.270000000000000018e-01
6.270000000000000018e-01
6.270000000000000018e-01
6.270000000000000018e-01
6.270000000000000018e-01
6.270000000000000018e-01
6.270000000000000018e-01
6.270000000000000018e-01
6.270000000000000018e-01
6.270000000000000018e-01
6.270000000000000018e-01
6.270000000000000018e-01
6.270000000000000018e-01
6.270000000000000018e-01
6.270000000000000018e-01
6.270000000000000018e-01
6.270000000000000018e-01
6.270000000000000018e-01
6.270000000000000018e-01
6.270000000000000018e-01
6.270000000000000018e-01
6.270000000000000018e-01
6.266666666666667052e-01
6.266666666666667052e-01
6.266666666666667052e-01
6.266666666666667052e-01
6.266666666666667052e-01
6.266666666666667052e-01
6.266666666666667052e-01
6.266666666666667052e-01
6.266666666666667052e-01
6.266666666666667052e-01
6.266666666666667052e-01
6.266666666666667052e-01
6.266666666666667052e-01
6.266666666666667052e-01
6.266666666666667052e-01
6.266666666666667052e-01
6.266666666666667052e-01
6.263333333333332975e-01
6.263333333333332975e-01
6.263333333333332975e-01
6.263333333333332975e-01
6.263333333333332975e-01
6.263333333333332975e-01
6.263333333333332975e-01
6.263333333333332975e-01
6.263333333333332975e-01
6.263333333333332975e-01
6.263333333333332975e-01
6.263333333333332975e-01
6.263333333333332975e-01
6.263333333333332975e-01
6.263333333333332975e-01
6.263333333333332975e-01
6.263333333333332975e-01
6.263333333333332975e-01
6.263333333333332975e-01
6.263333333333332975e-01
6.263333333333332975e-01
6.263333333333332975e-01
6.263333333333332975e-01
6.263333333333332975e-01
6.263333333333332975e-01
6.263333333333332975e-01
6.263333333333332975e-01
6.263333333333332975e-01
6.263333333333332975e-01
6.263333333333332975e-01
6.263333333333332975e-01
6.263333333333332975e-01
6.263333333333332975e-01
6.263333333333332975e-01
6.263333333333332975e-01
6.263333333333332975e-01
6.263333333333332975e-01
6.263333333333332975e-01
6.263333333333332975e-01
6.260000000000000009e-01
6.260000000000000009e-01
6.260000000000000009e-01
6.260000000000000009e-01
6.260000000000000009e-01
6.260000000000000009e-01
6.260000000000000009e-01
6.260000000000000009e-01
6.260000000000000009e-01
6.260000000000000009e-01
6.260000000000000009e-01
6.260000000000000009e-01
6.260000000000000009e-01
6.260000000000000009e-01
6.260000000000000009e-01
6.260000000000000009e-01
6.260000000000000009e-01
6.260000000000000009e-01
6.260000000000000009e-01
6.260000000000000009e-01
6.260000000000000009e-01
6.260000000000000009e-01
6.260000000000000009e-01
6.260000000000000009e-01
6.260000000000000009e-01
6.260000000000000009e-01
6.260000000000000009e-01
6.260000000000000009e-01
6.260000000000000009e-01
6.260000000000000009e-01
6.260000000000000009e-01
6.260000000000000009e-01
6.260000000000000009e-01
6.260000000000000009e-01
6.260000000000000009e-01
6.260000000000000009e-01
6.260000000000000009e-01
6.260000000000000009e-01
6.260000000000000009e-01
6.260000000000000009e-01
6.260000000000000009e-01
6.260000000000000009e-01
6.260000000000000009e-01
6.260000000000000009e-01
6.260000000000000009e-01
6.260000000000000009e-01
6.260000000000000009e-01
6.260000000000000009e-01
6.260000000000000009e-01
6.260000000000000009e-01
6.260000000000000009e-01
6.260000000000000009e-01
6.260000000000000009e-01
6.260000000000000009e-01
6.260000000000000009e-01
6.260000000000000009e-01
6.260000000000000009e-01
6.260000000000000009e-01
6.260000000000000009e-01
6.260000000000000009e-01
6.260000000000000009e-01
6.260000000000000009e-01
6.260000000000000009e-01
6.260000000000000009e-01
6.260000000000000009e-01
6.260000000000000009e-01
6.260000000000000009e-01
6.260000000000000009e-01
6.260000000000000009e-01
6.260000000000000009e-01
6.260000000000000009e-01
6.260000000000000009e-01
6.260000000000000009e-01
6.260000000000000009e-01
6.260000000000000009e-01
6.260000000000000009e-01
6.260000000000000009e-01
6.260000000000000009e-01
6.260000000000000009e-01
6.260000000000000009e-01
6.260000000000000009e-01
6.260000000000000009e-01
6.260000000000000009e-01
6.260000000000000009e-01
6.260000000000000009e-01
6.260000000000000009e-01
6.260000000000000009e-01
6.260000000000000009e-01
6.260000000000000009e-01
6.260000000000000009e-01
6.260000000000000009e-01
6.260000000000000009e-01
6.260000000000000009e-01
6.260000000000000009e-01
6.260000000000000009e-01
6.260000000000000009e-01
6.260000000000000009e-01
6.260000000000000009e-01
6.260000000000000009e-01
6.260000000000000009e-01
6.260000000000000009e-01
6.260000000000000009e-01
6.260000000000000009e-01
6.260000000000000009e-01
6.260000000000000009e-01
6.260000000000000009e-01
6.260000000000000009e-01
6.260000000000000009e-01
6.260000000000000009e-01
6.260000000000000009e-01
6.260000000000000009e-01
6.260000000000000009e-01
6.260000000000000009e-01
6.260000000000000009e-01
6.260000000000000009e-01
6.260000000000000009e-01
6.260000000000000009e-01
6.260000000000000009e-01
6.260000000000000009e-01
6.260000000000000009e-01
6.260000000000000009e-01
6.260000000000000009e-01
6.260000000000000009e-01
6.260000000000000009e-01
6.260000000000000009e-01
6.260000000000000009e-01
6.260000000000000009e-01
6.260000000000000009e-01
6.260000000000000009e-01
6.260000000000000009e-01
6.260000000000000009e-01
6.260000000000000009e-01
6.260000000000000009e-01
6.260000000000000009e-01
6.260000000000000009e-01
6.260000000000000009e-01
6.260000000000000009e-01
6.260000000000000009e-01
6.260000000000000009e-01
6.260000000000000009e-01
6.260000000000000009e-01
6.260000000000000009e-01
6.260000000000000009e-01
6.260000000000000009e-01
6.260000000000000009e-01
6.260000000000000009e-01
6.260000000000000009e-01
6.260000000000000009e-01
6.260000000000000009e-01
6.260000000000000009e-01
6.260000000000000009e-01
6.260000000000000009e-01
6.260000000000000009e-01
6.260000000000000009e-01
6.260000000000000009e-01
6.260000000000000009e-01
6.260000000000000009e-01
6.260000000000000009e-01
6.260000000000000009e-01
6.260000000000000009e-01
6.260000000000000009e-01
6.260000000000000009e-01
6.260000000000000009e-01
6.260000000000000009e-01
6.260000000000000009e-01
6.260000000000000009e-01
6.260000000000000009e-01
6.260000000000000009e-01
6.260000000000000009e-01
6.260000000000000009e-01
6.260000000000000009e-01
6.260000000000000009e-01
6.260000000000000009e-01
6.260000000000000009e-01
6.260000000000000009e-01
6.260000000000000009e-01
6.260000000000000009e-01
6.260000000000000009e-01
6.260000000000000009e-01
6.260000000000000009e-01
6.260000000000000009e-01
6.260000000000000009e-01
6.260000000000000009e-01
6.260000000000000009e-01
6.260000000000000009e-01
6.260000000000000009e-01
6.260000000000000009e-01
6.260000000000000009e-01
6.260000000000000009e-01
6.260000000000000009e-01
6.260000000000000009e-01
6.260000000000000009e-01
6.260000000000000009e-01
6.260000000000000009e-01
6.260000000000000009e-01
6.260000000000000009e-01
6.260000000000000009e-01
6.260000000000000009e-01
6.260000000000000009e-01
6.260000000000000009e-01
6.260000000000000009e-01
6.260000000000000009e-01
6.260000000000000009e-01
6.260000000000000009e-01
6.260000000000000009e-01
6.260000000000000009e-01
6.260000000000000009e-01
6.260000000000000009e-01
6.260000000000000009e-01
6.260000000000000009e-01
6.260000000000000009e-01
6.260000000000000009e-01
6.260000000000000009e-01
6.260000000000000009e-01
6.260000000000000009e-01
6.260000000000000009e-01
6.260000000000000009e-01
6.260000000000000009e-01
6.260000000000000009e-01
6.260000000000000009e-01
6.260000000000000009e-01
6.260000000000000009e-01
6.260000000000000009e-01
6.260000000000000009e-01
6.260000000000000009e-01
6.260000000000000009e-01
6.260000000000000009e-01
6.260000000000000009e-01
6.260000000000000009e-01
6.260000000000000009e-01
6.256666666666667043e-01
6.256666666666667043e-01
6.256666666666667043e-01
6.256666666666667043e-01
6.256666666666667043e-01
6.256666666666667043e-01
6.256666666666667043e-01
6.256666666666667043e-01
6.256666666666667043e-01
6.256666666666667043e-01
6.256666666666667043e-01
6.256666666666667043e-01
6.256666666666667043e-01
6.256666666666667043e-01
6.256666666666667043e-01
6.256666666666667043e-01
6.256666666666667043e-01
6.256666666666667043e-01
6.256666666666667043e-01
6.256666666666667043e-01
6.256666666666667043e-01
6.256666666666667043e-01
6.256666666666667043e-01
6.256666666666667043e-01
6.256666666666667043e-01
6.256666666666667043e-01
6.256666666666667043e-01
6.256666666666667043e-01
6.256666666666667043e-01
6.256666666666667043e-01
6.256666666666667043e-01
6.256666666666667043e-01
6.256666666666667043e-01
6.256666666666667043e-01
6.253333333333332966e-01
6.253333333333332966e-01
6.253333333333332966e-01
6.253333333333332966e-01
6.253333333333332966e-01
6.253333333333332966e-01
6.253333333333332966e-01
6.253333333333332966e-01
6.253333333333332966e-01
6.253333333333332966e-01
6.253333333333332966e-01
6.253333333333332966e-01
6.253333333333332966e-01
6.253333333333332966e-01
6.253333333333332966e-01
6.253333333333332966e-01
6.253333333333332966e-01
6.253333333333332966e-01
6.253333333333332966e-01
6.253333333333332966e-01
6.253333333333332966e-01
6.253333333333332966e-01
6.253333333333332966e-01
6.253333333333332966e-01
6.253333333333332966e-01
6.253333333333332966e-01
6.253333333333332966e-01
6.253333333333332966e-01
6.253333333333332966e-01
6.253333333333332966e-01
6.253333333333332966e-01
6.253333333333332966e-01
6.253333333333332966e-01
6.253333333333332966e-01
6.253333333333332966e-01
6.253333333333332966e-01
6.253333333333332966e-01
6.253333333333332966e-01
6.253333333333332966e-01
6.253333333333332966e-01
6.253333333333332966e-01
6.253333333333332966e-01
6.253333333333332966e-01
6.253333333333332966e-01
6.253333333333332966e-01
6.253333333333332966e-01
6.253333333333332966e-01
6.253333333333332966e-01
6.253333333333332966e-01
6.253333333333332966e-01
6.253333333333332966e-01
6.253333333333332966e-01
6.253333333333332966e-01
6.253333333333332966e-01
6.253333333333332966e-01
6.253333333333332966e-01
6.253333333333332966e-01
6.253333333333332966e-01
6.253333333333332966e-01
6.253333333333332966e-01
6.253333333333332966e-01
6.253333333333332966e-01
6.250000000000000000e-01
6.250000000000000000e-01
6.250000000000000000e-01
6.250000000000000000e-01
6.250000000000000000e-01
6.250000000000000000e-01
6.250000000000000000e-01
6.250000000000000000e-01
6.250000000000000000e-01
6.250000000000000000e-01
6.250000000000000000e-01
6.250000000000000000e-01
6.250000000000000000e-01
6.250000000000000000e-01
6.250000000000000000e-01
6.250000000000000000e-01
6.250000000000000000e-01
6.250000000000000000e-01
6.250000000000000000e-01
6.250000000000000000e-01
6.250000000000000000e-01
6.250000000000000000e-01
6.250000000000000000e-01
6.250000000000000000e-01
6.250000000000000000e-01
6.250000000000000000e-01
6.250000000000000000e-01
6.250000000000000000e-01
6.250000000000000000e-01
6.250000000000000000e-01
6.250000000000000000e-01
6.250000000000000000e-01
6.250000000000000000e-01
6.250000000000000000e-01
6.250000000000000000e-01
6.250000000000000000e-01
6.250000000000000000e-01
6.250000000000000000e-01
6.250000000000000000e-01
6.250000000000000000e-01
6.250000000000000000e-01
6.250000000000000000e-01
6.250000000000000000e-01
6.250000000000000000e-01
6.250000000000000000e-01
6.250000000000000000e-01
6.250000000000000000e-01
6.250000000000000000e-01
6.250000000000000000e-01
6.250000000000000000e-01
6.250000000000000000e-01
6.250000000000000000e-01
6.250000000000000000e-01
6.250000000000000000e-01
6.250000000000000000e-01
6.250000000000000000e-01
6.250000000000000000e-01
6.250000000000000000e-01
6.250000000000000000e-01
6.250000000000000000e-01
6.250000000000000000e-01
6.250000000000000000e-01
6.250000000000000000e-01
6.250000000000000000e-01
6.250000000000000000e-01
6.250000000000000000e-01
6.250000000000000000e-01
6.250000000000000000e-01
6.250000000000000000e-01
6.250000000000000000e-01
6.250000000000000000e-01
6.250000000000000000e-01
6.250000000000000000e-01
6.250000000000000000e-01
6.250000000000000000e-01
6.250000000000000000e-01
6.250000000000000000e-01
6.250000000000000000e-01
6.250000000000000000e-01
6.246666666666667034e-01
6.246666666666667034e-01
6.246666666666667034e-01
6.246666666666667034e-01
6.246666666666667034e-01
6.246666666666667034e-01
6.246666666666667034e-01
6.246666666666667034e-01
6.246666666666667034e-01
6.246666666666667034e-01
6.246666666666667034e-01
6.246666666666667034e-01
6.246666666666667034e-01
6.246666666666667034e-01
6.246666666666667034e-01
6.246666666666667034e-01
6.246666666666667034e-01
6.246666666666667034e-01
6.246666666666667034e-01
6.246666666666667034e-01
6.246666666666667034e-01
6.246666666666667034e-01
6.246666666666667034e-01
6.246666666666667034e-01
6.246666666666667034e-01
6.246666666666667034e-01
6.246666666666667034e-01
6.246666666666667034e-01
6.246666666666667034e-01
6.246666666666667034e-01
6.246666666666667034e-01
6.246666666666667034e-01
6.246666666666667034e-01
6.246666666666667034e-01
6.246666666666667034e-01
6.246666666666667034e-01
6.246666666666667034e-01
6.246666666666667034e-01
6.246666666666667034e-01
6.246666666666667034e-01
6.246666666666667034e-01
6.246666666666667034e-01
6.246666666666667034e-01
6.246666666666667034e-01
6.246666666666667034e-01
6.246666666666667034e-01
6.246666666666667034e-01
6.246666666666667034e-01
6.246666666666667034e-01
6.246666666666667034e-01
6.246666666666667034e-01
6.246666666666667034e-01
6.246666666666667034e-01
6.246666666666667034e-01
6.246666666666667034e-01
6.246666666666667034e-01
6.246666666666667034e-01
6.246666666666667034e-01
6.246666666666667034e-01
6.246666666666667034e-01
6.246666666666667034e-01
6.246666666666667034e-01
6.243333333333332957e-01
6.243333333333332957e-01
6.243333333333332957e-01
6.243333333333332957e-01
6.243333333333332957e-01
6.243333333333332957e-01
6.243333333333332957e-01
6.243333333333332957e-01
6.243333333333332957e-01
6.243333333333332957e-01
6.243333333333332957e-01
6.243333333333332957e-01
6.243333333333332957e-01
6.243333333333332957e-01
6.243333333333332957e-01
6.243333333333332957e-01
6.243333333333332957e-01
6.243333333333332957e-01
6.243333333333332957e-01
6.243333333333332957e-01
6.243333333333332957e-01
6.243333333333332957e-01
6.243333333333332957e-01
6.243333333333332957e-01
6.243333333333332957e-01
6.243333333333332957e-01
6.243333333333332957e-01
6.243333333333332957e-01
6.243333333333332957e-01
6.243333333333332957e-01
6.243333333333332957e-01
6.243333333333332957e-01
6.243333333333332957e-01
6.243333333333332957e-01
6.243333333333332957e-01
6.243333333333332957e-01
6.243333333333332957e-01
6.243333333333332957e-01
6.243333333333332957e-01
6.243333333333332957e-01
6.243333333333332957e-01
6.243333333333332957e-01
6.243333333333332957e-01
6.243333333333332957e-01
6.243333333333332957e-01
6.243333333333332957e-01
6.243333333333332957e-01
6.243333333333332957e-01
6.243333333333332957e-01
6.243333333333332957e-01
6.243333333333332957e-01
6.243333333333332957e-01
6.243333333333332957e-01
6.243333333333332957e-01
6.243333333333332957e-01
6.243333333333332957e-01
6.243333333333332957e-01
6.243333333333332957e-01
6.243333333333332957e-01
6.243333333333332957e-01
6.243333333333332957e-01
6.243333333333332957e-01
6.243333333333332957e-01
6.243333333333332957e-01
6.243333333333332957e-01
6.243333333333332957e-01
6.243333333333332957e-01
6.243333333333332957e-01
6.243333333333332957e-01
6.243333333333332957e-01
6.243333333333332957e-01
6.243333333333332957e-01
6.243333333333332957e-01
6.243333333333332957e-01
6.243333333333332957e-01
6.243333333333332957e-01
6.243333333333332957e-01
6.243333333333332957e-01
6.243333333333332957e-01
6.243333333333332957e-01
6.243333333333332957e-01
6.243333333333332957e-01
6.243333333333332957e-01
6.243333333333332957e-01
6.243333333333332957e-01
6.243333333333332957e-01
6.243333333333332957e-01
6.243333333333332957e-01
6.243333333333332957e-01
6.243333333333332957e-01
6.243333333333332957e-01
6.243333333333332957e-01
6.243333333333332957e-01
6.243333333333332957e-01
6.243333333333332957e-01
6.243333333333332957e-01
6.243333333333332957e-01
6.243333333333332957e-01
6.243333333333332957e-01
6.243333333333332957e-01
6.243333333333332957e-01
6.243333333333332957e-01
6.243333333333332957e-01
6.243333333333332957e-01
6.243333333333332957e-01
6.243333333333332957e-01
6.243333333333332957e-01
6.243333333333332957e-01
6.243333333333332957e-01
6.243333333333332957e-01
6.243333333333332957e-01
6.243333333333332957e-01
6.239999999999999991e-01
6.239999999999999991e-01
6.239999999999999991e-01
6.239999999999999991e-01
6.239999999999999991e-01
6.239999999999999991e-01
6.239999999999999991e-01
6.239999999999999991e-01
6.239999999999999991e-01
6.239999999999999991e-01
6.239999999999999991e-01
6.239999999999999991e-01
6.239999999999999991e-01
6.239999999999999991e-01
6.239999999999999991e-01
6.239999999999999991e-01
6.239999999999999991e-01
6.239999999999999991e-01
6.239999999999999991e-01
6.239999999999999991e-01
6.239999999999999991e-01
6.239999999999999991e-01
6.239999999999999991e-01
6.239999999999999991e-01
6.239999999999999991e-01
6.239999999999999991e-01
6.239999999999999991e-01
6.239999999999999991e-01
6.239999999999999991e-01
6.239999999999999991e-01
6.239999999999999991e-01
6.239999999999999991e-01
6.239999999999999991e-01
6.239999999999999991e-01
6.239999999999999991e-01
6.239999999999999991e-01
6.239999999999999991e-01
6.239999999999999991e-01
6.239999999999999991e-01
6.239999999999999991e-01
6.239999999999999991e-01
6.239999999999999991e-01
6.239999999999999991e-01
6.239999999999999991e-01
6.239999999999999991e-01
6.239999999999999991e-01
6.239999999999999991e-01
6.239999999999999991e-01
6.239999999999999991e-01
6.239999999999999991e-01
6.239999999999999991e-01
6.239999999999999991e-01
6.239999999999999991e-01
6.239999999999999991e-01
6.239999999999999991e-01
6.239999999999999991e-01
6.239999999999999991e-01
6.239999999999999991e-01
6.239999999999999991e-01
6.239999999999999991e-01
6.239999999999999991e-01
6.239999999999999991e-01
6.239999999999999991e-01
6.239999999999999991e-01
6.239999999999999991e-01
6.239999999999999991e-01
6.239999999999999991e-01
6.239999999999999991e-01
6.239999999999999991e-01
6.239999999999999991e-01
6.239999999999999991e-01
6.239999999999999991e-01
6.239999999999999991e-01
6.239999999999999991e-01
6.239999999999999991e-01
6.236666666666667025e-01
6.236666666666667025e-01
6.236666666666667025e-01
6.236666666666667025e-01
6.236666666666667025e-01
6.236666666666667025e-01
6.236666666666667025e-01
6.236666666666667025e-01
6.236666666666667025e-01
6.236666666666667025e-01
6.236666666666667025e-01
6.236666666666667025e-01
6.236666666666667025e-01
6.236666666666667025e-01
6.236666666666667025e-01
6.236666666666667025e-01
6.236666666666667025e-01
6.236666666666667025e-01
6.236666666666667025e-01
6.236666666666667025e-01
6.236666666666667025e-01
6.236666666666667025e-01
6.236666666666667025e-01
6.236666666666667025e-01
6.236666666666667025e-01
6.236666666666667025e-01
6.236666666666667025e-01
6.236666666666667025e-01
6.236666666666667025e-01
6.236666666666667025e-01
6.236666666666667025e-01
6.236666666666667025e-01
6.236666666666667025e-01
6.236666666666667025e-01
6.236666666666667025e-01
6.236666666666667025e-01
6.236666666666667025e-01
6.236666666666667025e-01
6.236666666666667025e-01
6.236666666666667025e-01
6.236666666666667025e-01
6.236666666666667025e-01
6.236666666666667025e-01
6.236666666666667025e-01
6.236666666666667025e-01
6.236666666666667025e-01
6.233333333333332948e-01
6.233333333333332948e-01
6.233333333333332948e-01
6.233333333333332948e-01
6.233333333333332948e-01
6.233333333333332948e-01
6.233333333333332948e-01
6.233333333333332948e-01
6.233333333333332948e-01
6.233333333333332948e-01
6.233333333333332948e-01
6.233333333333332948e-01
6.233333333333332948e-01
6.233333333333332948e-01
6.233333333333332948e-01
6.233333333333332948e-01
6.233333333333332948e-01
6.233333333333332948e-01
6.233333333333332948e-01
6.233333333333332948e-01
6.233333333333332948e-01
6.233333333333332948e-01
6.233333333333332948e-01
6.233333333333332948e-01
6.233333333333332948e-01
6.233333333333332948e-01
6.233333333333332948e-01
6.233333333333332948e-01
6.233333333333332948e-01
6.233333333333332948e-01
6.233333333333332948e-01
6.233333333333332948e-01
6.233333333333332948e-01
6.233333333333332948e-01
6.233333333333332948e-01
6.233333333333332948e-01
6.233333333333332948e-01
6.233333333333332948e-01
6.233333333333332948e-01
6.233333333333332948e-01
6.233333333333332948e-01
6.233333333333332948e-01
6.233333333333332948e-01
6.233333333333332948e-01
6.233333333333332948e-01
6.233333333333332948e-01
6.233333333333332948e-01
6.233333333333332948e-01
6.233333333333332948e-01
6.233333333333332948e-01
6.233333333333332948e-01
6.233333333333332948e-01
6.233333333333332948e-01
6.233333333333332948e-01
6.233333333333332948e-01
6.233333333333332948e-01
6.233333333333332948e-01
6.233333333333332948e-01
6.233333333333332948e-01
6.233333333333332948e-01
6.233333333333332948e-01
6.233333333333332948e-01
6.233333333333332948e-01
6.233333333333332948e-01
6.233333333333332948e-01
6.233333333333332948e-01
6.233333333333332948e-01
6.233333333333332948e-01
6.233333333333332948e-01
6.233333333333332948e-01
6.233333333333332948e-01
6.233333333333332948e-01
6.233333333333332948e-01
6.233333333333332948e-01
6.233333333333332948e-01
6.233333333333332948e-01
6.233333333333332948e-01
6.233333333333332948e-01
6.233333333333332948e-01
6.233333333333332948e-01
6.233333333333332948e-01
6.233333333333332948e-01
6.233333333333332948e-01
6.233333333333332948e-01
6.233333333333332948e-01
6.233333333333332948e-01
6.233333333333332948e-01
6.233333333333332948e-01
6.233333333333332948e-01
6.233333333333332948e-01
6.233333333333332948e-01
6.233333333333332948e-01
6.233333333333332948e-01
6.233333333333332948e-01
6.233333333333332948e-01
6.233333333333332948e-01
6.233333333333332948e-01
6.233333333333332948e-01
6.233333333333332948e-01
6.233333333333332948e-01
6.233333333333332948e-01
6.233333333333332948e-01
6.233333333333332948e-01
6.233333333333332948e-01
6.233333333333332948e-01
6.233333333333332948e-01
6.233333333333332948e-01
6.233333333333332948e-01
6.233333333333332948e-01
6.233333333333332948e-01
6.233333333333332948e-01
6.233333333333332948e-01
6.233333333333332948e-01
6.233333333333332948e-01
6.233333333333332948e-01
6.233333333333332948e-01
6.233333333333332948e-01
6.233333333333332948e-01
6.229999999999999982e-01
6.229999999999999982e-01
6.229999999999999982e-01
6.229999999999999982e-01
6.229999999999999982e-01
6.229999999999999982e-01
6.229999999999999982e-01
6.229999999999999982e-01
6.229999999999999982e-01
6.229999999999999982e-01
6.229999999999999982e-01
6.229999999999999982e-01
6.229999999999999982e-01
6.229999999999999982e-01
6.229999999999999982e-01
6.229999999999999982e-01
6.229999999999999982e-01
6.229999999999999982e-01
6.229999999999999982e-01
6.229999999999999982e-01
6.229999999999999982e-01
6.229999999999999982e-01
6.229999999999999982e-01
6.229999999999999982e-01
6.229999999999999982e-01
6.229999999999999982e-01
6.229999999999999982e-01
6.229999999999999982e-01
6.229999999999999982e-01
6.229999999999999982e-01
6.226666666666667016e-01
6.226666666666667016e-01
6.226666666666667016e-01
6.226666666666667016e-01
6.226666666666667016e-01
6.226666666666667016e-01
6.226666666666667016e-01
6.226666666666667016e-01
6.226666666666667016e-01
6.226666666666667016e-01
6.226666666666667016e-01
6.226666666666667016e-01
6.226666666666667016e-01
6.226666666666667016e-01
6.226666666666667016e-01
6.226666666666667016e-01
6.226666666666667016e-01
6.226666666666667016e-01
6.226666666666667016e-01
6.223333333333332940e-01
6.223333333333332940e-01
6.223333333333332940e-01
6.223333333333332940e-01
6.223333333333332940e-01
6.223333333333332940e-01
6.223333333333332940e-01
6.223333333333332940e-01
6.223333333333332940e-01
6.223333333333332940e-01
6.223333333333332940e-01
6.223333333333332940e-01
6.223333333333332940e-01
6.223333333333332940e-01
6.223333333333332940e-01
6.223333333333332940e-01
6.223333333333332940e-01
6.223333333333332940e-01
6.223333333333332940e-01
6.223333333333332940e-01
6.223333333333332940e-01
6.223333333333332940e-01
6.219999999999999973e-01
6.219999999999999973e-01
6.219999999999999973e-01
6.219999999999999973e-01
6.219999999999999973e-01
6.219999999999999973e-01
6.219999999999999973e-01
6.219999999999999973e-01
6.219999999999999973e-01
6.219999999999999973e-01
6.219999999999999973e-01
6.219999999999999973e-01
6.219999999999999973e-01
6.219999999999999973e-01
6.219999999999999973e-01
6.219999999999999973e-01
6.219999999999999973e-01
6.219999999999999973e-01
6.219999999999999973e-01
6.219999999999999973e-01
6.219999999999999973e-01
6.219999999999999973e-01
6.219999999999999973e-01
6.219999999999999973e-01
6.219999999999999973e-01
6.219999999999999973e-01
6.219999999999999973e-01
6.219999999999999973e-01
6.219999999999999973e-01
6.219999999999999973e-01
6.219999999999999973e-01
6.219999999999999973e-01
6.219999999999999973e-01
6.219999999999999973e-01
6.219999999999999973e-01
6.219999999999999973e-01
6.219999999999999973e-01
6.219999999999999973e-01
6.219999999999999973e-01
6.219999999999999973e-01
6.219999999999999973e-01
6.219999999999999973e-01
6.219999999999999973e-01
6.219999999999999973e-01
6.219999999999999973e-01
6.219999999999999973e-01
6.219999999999999973e-01
6.219999999999999973e-01
6.219999999999999973e-01
6.219999999999999973e-01
6.219999999999999973e-01
6.219999999999999973e-01
6.219999999999999973e-01
6.219999999999999973e-01
6.219999999999999973e-01
6.219999999999999973e-01
6.219999999999999973e-01
6.219999999999999973e-01
6.219999999999999973e-01
6.219999999999999973e-01
6.219999999999999973e-01
6.219999999999999973e-01
6.219999999999999973e-01
6.219999999999999973e-01
6.219999999999999973e-01
6.219999999999999973e-01
6.219999999999999973e-01
6.219999999999999973e-01
6.219999999999999973e-01
6.219999999999999973e-01
6.219999999999999973e-01
6.219999999999999973e-01
6.219999999999999973e-01
6.216666666666667007e-01
6.216666666666667007e-01
6.216666666666667007e-01
6.216666666666667007e-01
6.216666666666667007e-01
6.216666666666667007e-01
6.216666666666667007e-01
6.216666666666667007e-01
6.216666666666667007e-01
6.216666666666667007e-01
6.216666666666667007e-01
6.216666666666667007e-01
6.216666666666667007e-01
6.216666666666667007e-01
6.216666666666667007e-01
6.216666666666667007e-01
6.216666666666667007e-01
6.216666666666667007e-01
6.216666666666667007e-01
6.216666666666667007e-01
6.216666666666667007e-01
6.216666666666667007e-01
6.216666666666667007e-01
6.216666666666667007e-01
6.216666666666667007e-01
6.216666666666667007e-01
6.216666666666667007e-01
6.216666666666667007e-01
6.216666666666667007e-01
6.216666666666667007e-01
6.216666666666667007e-01
6.216666666666667007e-01
6.216666666666667007e-01
6.216666666666667007e-01
6.216666666666667007e-01
6.216666666666667007e-01
6.216666666666667007e-01
6.216666666666667007e-01
6.216666666666667007e-01
6.216666666666667007e-01
6.216666666666667007e-01
6.216666666666667007e-01
6.216666666666667007e-01
6.216666666666667007e-01
6.216666666666667007e-01
6.216666666666667007e-01
6.216666666666667007e-01
6.216666666666667007e-01
6.216666666666667007e-01
6.216666666666667007e-01
6.216666666666667007e-01
6.216666666666667007e-01
6.216666666666667007e-01
6.216666666666667007e-01
6.216666666666667007e-01
6.216666666666667007e-01
6.216666666666667007e-01
6.216666666666667007e-01
6.216666666666667007e-01
6.216666666666667007e-01
6.216666666666667007e-01
6.216666666666667007e-01
6.216666666666667007e-01
6.216666666666667007e-01
6.216666666666667007e-01
6.216666666666667007e-01
6.216666666666667007e-01
6.216666666666667007e-01
6.216666666666667007e-01
6.216666666666667007e-01
6.216666666666667007e-01
6.216666666666667007e-01
6.216666666666667007e-01
6.216666666666667007e-01
6.216666666666667007e-01
6.216666666666667007e-01
6.216666666666667007e-01
6.216666666666667007e-01
6.216666666666667007e-01
6.216666666666667007e-01
6.216666666666667007e-01
6.216666666666667007e-01
6.216666666666667007e-01
6.216666666666667007e-01
6.216666666666667007e-01
6.216666666666667007e-01
6.216666666666667007e-01
6.216666666666667007e-01
6.216666666666667007e-01
6.216666666666667007e-01
6.216666666666667007e-01
6.216666666666667007e-01
6.216666666666667007e-01
6.216666666666667007e-01
6.216666666666667007e-01
6.216666666666667007e-01
6.216666666666667007e-01
6.216666666666667007e-01
6.216666666666667007e-01
6.216666666666667007e-01
6.216666666666667007e-01
6.216666666666667007e-01
6.216666666666667007e-01
6.213333333333332931e-01
6.213333333333332931e-01
6.213333333333332931e-01
6.213333333333332931e-01
6.213333333333332931e-01
6.213333333333332931e-01
6.213333333333332931e-01
6.213333333333332931e-01
6.213333333333332931e-01
6.213333333333332931e-01
6.213333333333332931e-01
6.213333333333332931e-01
6.213333333333332931e-01
6.213333333333332931e-01
6.213333333333332931e-01
6.213333333333332931e-01
6.213333333333332931e-01
6.213333333333332931e-01
6.213333333333332931e-01
6.213333333333332931e-01
6.213333333333332931e-01
6.213333333333332931e-01
6.209999999999999964e-01
6.209999999999999964e-01
6.209999999999999964e-01
6.209999999999999964e-01
6.209999999999999964e-01
6.209999999999999964e-01
6.209999999999999964e-01
6.209999999999999964e-01
6.209999999999999964e-01
6.209999999999999964e-01
6.209999999999999964e-01
6.209999999999999964e-01
6.209999999999999964e-01
6.209999999999999964e-01
6.209999999999999964e-01
6.209999999999999964e-01
6.209999999999999964e-01
6.209999999999999964e-01
6.209999999999999964e-01
6.209999999999999964e-01
6.209999999999999964e-01
6.209999999999999964e-01
6.209999999999999964e-01
6.209999999999999964e-01
6.209999999999999964e-01
6.209999999999999964e-01
6.209999999999999964e-01
6.209999999999999964e-01
6.209999999999999964e-01
6.209999999999999964e-01
6.209999999999999964e-01
6.209999999999999964e-01
6.209999999999999964e-01
6.209999999999999964e-01
6.206666666666666998e-01
6.206666666666666998e-01
6.206666666666666998e-01
6.206666666666666998e-01
6.206666666666666998e-01
6.206666666666666998e-01
6.206666666666666998e-01
6.206666666666666998e-01
6.206666666666666998e-01
6.206666666666666998e-01
6.206666666666666998e-01
6.206666666666666998e-01
6.206666666666666998e-01
6.206666666666666998e-01
6.206666666666666998e-01
6.206666666666666998e-01
6.206666666666666998e-01
6.206666666666666998e-01
6.206666666666666998e-01
6.206666666666666998e-01
6.206666666666666998e-01
6.206666666666666998e-01
6.206666666666666998e-01
6.206666666666666998e-01
6.206666666666666998e-01
6.206666666666666998e-01
6.206666666666666998e-01
6.206666666666666998e-01
6.206666666666666998e-01
6.206666666666666998e-01
6.206666666666666998e-01
6.206666666666666998e-01
6.206666666666666998e-01
6.206666666666666998e-01
6.206666666666666998e-01
6.206666666666666998e-01
6.206666666666666998e-01
6.206666666666666998e-01
6.206666666666666998e-01
6.206666666666666998e-01
6.206666666666666998e-01
6.206666666666666998e-01
6.206666666666666998e-01
6.206666666666666998e-01
6.206666666666666998e-01
6.206666666666666998e-01
6.206666666666666998e-01
6.206666666666666998e-01
6.206666666666666998e-01
6.206666666666666998e-01
6.206666666666666998e-01
6.206666666666666998e-01
6.206666666666666998e-01
6.206666666666666998e-01
6.206666666666666998e-01
6.206666666666666998e-01
6.206666666666666998e-01
6.206666666666666998e-01
6.206666666666666998e-01
6.206666666666666998e-01
6.206666666666666998e-01
6.206666666666666998e-01
6.206666666666666998e-01
6.206666666666666998e-01
6.206666666666666998e-01
6.206666666666666998e-01
6.206666666666666998e-01
6.206666666666666998e-01
6.206666666666666998e-01
6.206666666666666998e-01
6.206666666666666998e-01
6.206666666666666998e-01
6.206666666666666998e-01
6.206666666666666998e-01
6.206666666666666998e-01
6.206666666666666998e-01
6.206666666666666998e-01
6.206666666666666998e-01
6.206666666666666998e-01
6.206666666666666998e-01
6.206666666666666998e-01
6.206666666666666998e-01
6.206666666666666998e-01
6.206666666666666998e-01
6.206666666666666998e-01
6.206666666666666998e-01
6.206666666666666998e-01
6.206666666666666998e-01
6.206666666666666998e-01
6.206666666666666998e-01
6.206666666666666998e-01
6.206666666666666998e-01
6.206666666666666998e-01
6.206666666666666998e-01
6.206666666666666998e-01
6.206666666666666998e-01
6.206666666666666998e-01
6.206666666666666998e-01
6.206666666666666998e-01
6.206666666666666998e-01
6.206666666666666998e-01
6.206666666666666998e-01
6.206666666666666998e-01
6.206666666666666998e-01
6.206666666666666998e-01
6.206666666666666998e-01
6.206666666666666998e-01
6.206666666666666998e-01
6.206666666666666998e-01
6.206666666666666998e-01
6.206666666666666998e-01
6.206666666666666998e-01
6.206666666666666998e-01
6.206666666666666998e-01
6.206666666666666998e-01
6.206666666666666998e-01
6.206666666666666998e-01
6.206666666666666998e-01
6.206666666666666998e-01
6.206666666666666998e-01
6.206666666666666998e-01
6.206666666666666998e-01
6.206666666666666998e-01
6.206666666666666998e-01
6.206666666666666998e-01
6.206666666666666998e-01
6.206666666666666998e-01
6.206666666666666998e-01
6.206666666666666998e-01
6.206666666666666998e-01
6.206666666666666998e-01
6.206666666666666998e-01
6.206666666666666998e-01
6.206666666666666998e-01
6.206666666666666998e-01
6.206666666666666998e-01
6.206666666666666998e-01
6.206666666666666998e-01
6.206666666666666998e-01
6.206666666666666998e-01
6.206666666666666998e-01
6.206666666666666998e-01
6.206666666666666998e-01
6.206666666666666998e-01
6.206666666666666998e-01
6.206666666666666998e-01
6.206666666666666998e-01
6.206666666666666998e-01
6.206666666666666998e-01
6.206666666666666998e-01
6.206666666666666998e-01
6.206666666666666998e-01
6.206666666666666998e-01
6.206666666666666998e-01
6.206666666666666998e-01
6.206666666666666998e-01
6.206666666666666998e-01
6.206666666666666998e-01
6.206666666666666998e-01
6.206666666666666998e-01
6.206666666666666998e-01
6.206666666666666998e-01
6.206666666666666998e-01
6.206666666666666998e-01
6.206666666666666998e-01
6.206666666666666998e-01
6.206666666666666998e-01
6.206666666666666998e-01
6.206666666666666998e-01
6.206666666666666998e-01
6.206666666666666998e-01
6.206666666666666998e-01
6.206666666666666998e-01
6.206666666666666998e-01
6.206666666666666998e-01
6.206666666666666998e-01
6.206666666666666998e-01
6.206666666666666998e-01
6.206666666666666998e-01
6.206666666666666998e-01
6.206666666666666998e-01
6.206666666666666998e-01
6.206666666666666998e-01
6.206666666666666998e-01
6.206666666666666998e-01
6.206666666666666998e-01
6.206666666666666998e-01
6.206666666666666998e-01
6.206666666666666998e-01
6.206666666666666998e-01
6.206666666666666998e-01
6.206666666666666998e-01
6.206666666666666998e-01
6.206666666666666998e-01
6.206666666666666998e-01
6.206666666666666998e-01
6.206666666666666998e-01
6.206666666666666998e-01
6.206666666666666998e-01
6.206666666666666998e-01
6.203333333333332922e-01
6.203333333333332922e-01
6.203333333333332922e-01
6.203333333333332922e-01
6.203333333333332922e-01
6.203333333333332922e-01
6.203333333333332922e-01
6.203333333333332922e-01
6.203333333333332922e-01
6.203333333333332922e-01
6.203333333333332922e-01
6.203333333333332922e-01
6.203333333333332922e-01
6.203333333333332922e-01
6.203333333333332922e-01
6.203333333333332922e-01
6.203333333333332922e-01
6.203333333333332922e-01
6.203333333333332922e-01
6.203333333333332922e-01
6.203333333333332922e-01
6.203333333333332922e-01
6.203333333333332922e-01
6.203333333333332922e-01
6.203333333333332922e-01
6.203333333333332922e-01
6.203333333333332922e-01
6.203333333333332922e-01
6.203333333333332922e-01
6.203333333333332922e-01
6.203333333333332922e-01
6.203333333333332922e-01
6.203333333333332922e-01
6.203333333333332922e-01
6.203333333333332922e-01
6.203333333333332922e-01
6.203333333333332922e-01
6.203333333333332922e-01
6.203333333333332922e-01
6.203333333333332922e-01
6.203333333333332922e-01
6.203333333333332922e-01
6.203333333333332922e-01
6.203333333333332922e-01
6.203333333333332922e-01
6.203333333333332922e-01
6.203333333333332922e-01
6.203333333333332922e-01
6.203333333333332922e-01
6.203333333333332922e-01
6.203333333333332922e-01
6.203333333333332922e-01
6.203333333333332922e-01
6.203333333333332922e-01
6.203333333333332922e-01
6.203333333333332922e-01
6.203333333333332922e-01
6.203333333333332922e-01
6.203333333333332922e-01
6.203333333333332922e-01
6.203333333333332922e-01
6.203333333333332922e-01
6.203333333333332922e-01
6.203333333333332922e-01
6.203333333333332922e-01
6.203333333333332922e-01
6.203333333333332922e-01
6.203333333333332922e-01
6.203333333333332922e-01
6.203333333333332922e-01
6.203333333333332922e-01
6.203333333333332922e-01
6.203333333333332922e-01
6.203333333333332922e-01
6.203333333333332922e-01
6.203333333333332922e-01
6.203333333333332922e-01
6.203333333333332922e-01
6.203333333333332922e-01
6.203333333333332922e-01
6.203333333333332922e-01
6.203333333333332922e-01
6.203333333333332922e-01
6.203333333333332922e-01
6.203333333333332922e-01
6.203333333333332922e-01
6.203333333333332922e-01
6.203333333333332922e-01
6.203333333333332922e-01
6.203333333333332922e-01
6.203333333333332922e-01
6.203333333333332922e-01
6.203333333333332922e-01
6.203333333333332922e-01
6.203333333333332922e-01
6.203333333333332922e-01
6.203333333333332922e-01
6.203333333333332922e-01
6.203333333333332922e-01
6.203333333333332922e-01
6.203333333333332922e-01
6.203333333333332922e-01
6.203333333333332922e-01
6.203333333333332922e-01
6.203333333333332922e-01
6.203333333333332922e-01
6.203333333333332922e-01
6.203333333333332922e-01
6.203333333333332922e-01
6.203333333333332922e-01
6.203333333333332922e-01
6.203333333333332922e-01
6.203333333333332922e-01
6.203333333333332922e-01
6.203333333333332922e-01
6.203333333333332922e-01
6.203333333333332922e-01
6.203333333333332922e-01
6.203333333333332922e-01
6.203333333333332922e-01
6.203333333333332922e-01
6.203333333333332922e-01
6.203333333333332922e-01
6.203333333333332922e-01
6.203333333333332922e-01
6.203333333333332922e-01
6.203333333333332922e-01
6.203333333333332922e-01
6.203333333333332922e-01
6.203333333333332922e-01
6.203333333333332922e-01
6.203333333333332922e-01
6.203333333333332922e-01
6.203333333333332922e-01
6.203333333333332922e-01
6.203333333333332922e-01
6.203333333333332922e-01
6.203333333333332922e-01
6.203333333333332922e-01
6.203333333333332922e-01
6.203333333333332922e-01
6.203333333333332922e-01
6.203333333333332922e-01
6.203333333333332922e-01
6.203333333333332922e-01
6.203333333333332922e-01
6.203333333333332922e-01
6.203333333333332922e-01
6.203333333333332922e-01
6.203333333333332922e-01
6.203333333333332922e-01
6.203333333333332922e-01
6.203333333333332922e-01
6.203333333333332922e-01
6.203333333333332922e-01
6.203333333333332922e-01
6.203333333333332922e-01
6.203333333333332922e-01
6.203333333333332922e-01
6.203333333333332922e-01
6.203333333333332922e-01
6.203333333333332922e-01
6.203333333333332922e-01
6.203333333333332922e-01
6.203333333333332922e-01
6.203333333333332922e-01
6.203333333333332922e-01
6.203333333333332922e-01
6.203333333333332922e-01
6.203333333333332922e-01
6.203333333333332922e-01
6.203333333333332922e-01
6.203333333333332922e-01
6.203333333333332922e-01
6.203333333333332922e-01
6.203333333333332922e-01
6.203333333333332922e-01
6.199999999999999956e-01
6.199999999999999956e-01
6.199999999999999956e-01
6.199999999999999956e-01
6.199999999999999956e-01
6.199999999999999956e-01
6.199999999999999956e-01
6.199999999999999956e-01
6.199999999999999956e-01
6.199999999999999956e-01
6.199999999999999956e-01
6.199999999999999956e-01
6.199999999999999956e-01
6.199999999999999956e-01
6.199999999999999956e-01
6.199999999999999956e-01
6.199999999999999956e-01
6.199999999999999956e-01
6.199999999999999956e-01
6.199999999999999956e-01
6.199999999999999956e-01
6.199999999999999956e-01
6.199999999999999956e-01
6.199999999999999956e-01
6.199999999999999956e-01
6.199999999999999956e-01
6.199999999999999956e-01
6.199999999999999956e-01
6.199999999999999956e-01
6.199999999999999956e-01
6.199999999999999956e-01
6.199999999999999956e-01
6.199999999999999956e-01
6.199999999999999956e-01
6.199999999999999956e-01
6.199999999999999956e-01
6.199999999999999956e-01
6.199999999999999956e-01
6.199999999999999956e-01
6.199999999999999956e-01
6.199999999999999956e-01
6.199999999999999956e-01
6.199999999999999956e-01
6.199999999999999956e-01
6.199999999999999956e-01
6.199999999999999956e-01
6.199999999999999956e-01
6.199999999999999956e-01
6.199999999999999956e-01
6.199999999999999956e-01
6.196666666666666989e-01
6.196666666666666989e-01
6.196666666666666989e-01
6.196666666666666989e-01
6.196666666666666989e-01
6.196666666666666989e-01
6.196666666666666989e-01
6.196666666666666989e-01
6.196666666666666989e-01
6.196666666666666989e-01
6.193333333333332913e-01
6.193333333333332913e-01
6.193333333333332913e-01
6.193333333333332913e-01
6.193333333333332913e-01
6.193333333333332913e-01
6.193333333333332913e-01
6.193333333333332913e-01
6.193333333333332913e-01
6.193333333333332913e-01
6.193333333333332913e-01
6.193333333333332913e-01
6.193333333333332913e-01
6.193333333333332913e-01
6.193333333333332913e-01
6.193333333333332913e-01
6.193333333333332913e-01
6.193333333333332913e-01
6.193333333333332913e-01
6.193333333333332913e-01
6.193333333333332913e-01
6.193333333333332913e-01
6.193333333333332913e-01
6.193333333333332913e-01
6.193333333333332913e-01
6.193333333333332913e-01
