3.086666666666666448e-01
3.086666666666666448e-01
3.086666666666666448e-01
3.086666666666666448e-01
3.086666666666666448e-01
3.086666666666666448e-01
3.086666666666666448e-01
3.086666666666666448e-01
3.086666666666666448e-01
3.086666666666666448e-01
3.086666666666666448e-01
3.086666666666666448e-01
3.086666666666666448e-01
3.076666666666666439e-01
3.013333333333333419e-01
2.929999999999999827e-01
2.853333333333333277e-01
2.793333333333333224e-01
2.706666666666666665e-01
2.626666666666666594e-01
2.516666666666666496e-01
2.466666666666666730e-01
2.406666666666666676e-01
2.313333333333333353e-01
2.256666666666666543e-01
2.203333333333333255e-01
2.156666666666666732e-01
2.109999999999999931e-01
2.066666666666666652e-01
2.043333333333333390e-01
2.000000000000000111e-01
1.956666666666666554e-01
1.923333333333333284e-01
1.893333333333333257e-01
1.866666666666666752e-01
1.846666666666666734e-01
1.826666666666666716e-01
1.796666666666666690e-01
1.786666666666666681e-01
1.776666666666666672e-01
1.749999999999999889e-01
1.736666666666666636e-01
1.723333333333333384e-01
1.706666666666666610e-01
1.686666666666666592e-01
1.670000000000000095e-01
1.653333333333333321e-01
1.643333333333333313e-01
1.630000000000000060e-01
1.613333333333333286e-01
1.596666666666666790e-01
1.590000000000000024e-01
1.576666666666666772e-01
1.573333333333333250e-01
1.559999999999999998e-01
1.556666666666666754e-01
1.546666666666666745e-01
1.536666666666666736e-01
1.533333333333333215e-01
1.526666666666666727e-01
1.523333333333333206e-01
1.523333333333333206e-01
1.523333333333333206e-01
1.519999999999999962e-01
1.519999999999999962e-01
1.516666666666666718e-01
1.516666666666666718e-01
1.516666666666666718e-01
1.516666666666666718e-01
1.516666666666666718e-01
1.516666666666666718e-01
1.516666666666666718e-01
1.516666666666666718e-01
1.516666666666666718e-01
1.516666666666666718e-01
1.516666666666666718e-01
1.516666666666666718e-01
1.516666666666666718e-01
1.516666666666666718e-01
1.516666666666666718e-01
1.516666666666666718e-01
1.516666666666666718e-01
1.516666666666666718e-01
1.516666666666666718e-01
1.516666666666666718e-01
1.516666666666666718e-01
1.516666666666666718e-01
1.513333333333333197e-01
1.513333333333333197e-01
1.513333333333333197e-01
1.513333333333333197e-01
1.513333333333333197e-01
1.509999999999999953e-01
1.509999999999999953e-01
1.509999999999999953e-01
1.509999999999999953e-01
1.509999999999999953e-01
1.506666666666666710e-01
1.506666666666666710e-01
1.506666666666666710e-01
1.506666666666666710e-01
1.506666666666666710e-01
1.506666666666666710e-01
1.506666666666666710e-01
1.506666666666666710e-01
1.503333333333333466e-01
1.503333333333333466e-01
1.503333333333333466e-01
1.499999999999999944e-01
1.499999999999999944e-01
1.499999999999999944e-01
1.496666666666666701e-01
1.496666666666666701e-01
1.496666666666666701e-01
1.496666666666666701e-01
1.496666666666666701e-01
1.496666666666666701e-01
1.496666666666666701e-01
1.489999999999999936e-01
1.489999999999999936e-01
1.489999999999999936e-01
1.489999999999999936e-01
1.489999999999999936e-01
1.486666666666666692e-01
1.486666666666666692e-01
1.486666666666666692e-01
1.486666666666666692e-01
1.483333333333333448e-01
1.479999999999999927e-01
1.479999999999999927e-01
1.479999999999999927e-01
1.479999999999999927e-01
1.479999999999999927e-01
1.476666666666666683e-01
1.473333333333333439e-01
1.473333333333333439e-01
1.473333333333333439e-01
1.469999999999999918e-01
1.469999999999999918e-01
1.466666666666666674e-01
1.466666666666666674e-01
1.463333333333333430e-01
1.459999999999999909e-01
1.456666666666666665e-01
1.453333333333333421e-01
1.453333333333333421e-01
1.453333333333333421e-01
1.453333333333333421e-01
1.449999999999999900e-01
1.446666666666666656e-01
1.446666666666666656e-01
1.443333333333333413e-01
1.439999999999999891e-01
1.439999999999999891e-01
1.439999999999999891e-01
1.439999999999999891e-01
1.439999999999999891e-01
1.436666666666666647e-01
1.433333333333333404e-01
1.429999999999999882e-01
1.426666666666666639e-01
1.426666666666666639e-01
1.419999999999999873e-01
1.416666666666666630e-01
1.416666666666666630e-01
1.416666666666666630e-01
1.416666666666666630e-01
1.416666666666666630e-01
1.416666666666666630e-01
1.416666666666666630e-01
1.416666666666666630e-01
1.413333333333333386e-01
1.413333333333333386e-01
1.413333333333333386e-01
1.413333333333333386e-01
1.413333333333333386e-01
1.413333333333333386e-01
1.413333333333333386e-01
1.413333333333333386e-01
1.413333333333333386e-01
1.413333333333333386e-01
1.413333333333333386e-01
1.413333333333333386e-01
1.413333333333333386e-01
1.413333333333333386e-01
1.413333333333333386e-01
1.413333333333333386e-01
1.413333333333333386e-01
1.413333333333333386e-01
1.409999999999999865e-01
1.409999999999999865e-01
1.406666666666666621e-01
1.406666666666666621e-01
1.406666666666666621e-01
1.406666666666666621e-01
1.406666666666666621e-01
1.406666666666666621e-01
1.406666666666666621e-01
1.403333333333333377e-01
1.403333333333333377e-01
1.403333333333333377e-01
1.403333333333333377e-01
1.403333333333333377e-01
1.403333333333333377e-01
1.400000000000000133e-01
1.396666666666666612e-01
1.396666666666666612e-01
1.396666666666666612e-01
1.393333333333333368e-01
1.393333333333333368e-01
1.393333333333333368e-01
1.393333333333333368e-01
1.393333333333333368e-01
1.393333333333333368e-01
1.393333333333333368e-01
1.393333333333333368e-01
1.393333333333333368e-01
1.393333333333333368e-01
1.393333333333333368e-01
1.393333333333333368e-01
1.393333333333333368e-01
1.390000000000000124e-01
1.386666666666666603e-01
1.386666666666666603e-01
1.383333333333333359e-01
1.383333333333333359e-01
1.383333333333333359e-01
1.383333333333333359e-01
1.383333333333333359e-01
1.383333333333333359e-01
1.383333333333333359e-01
1.383333333333333359e-01
1.380000000000000115e-01
1.380000000000000115e-01
1.380000000000000115e-01
1.380000000000000115e-01
1.380000000000000115e-01
1.380000000000000115e-01
1.380000000000000115e-01
1.376666666666666594e-01
1.376666666666666594e-01
1.376666666666666594e-01
1.376666666666666594e-01
1.376666666666666594e-01
1.376666666666666594e-01
1.376666666666666594e-01
1.373333333333333350e-01
1.373333333333333350e-01
1.373333333333333350e-01
1.373333333333333350e-01
1.373333333333333350e-01
1.370000000000000107e-01
1.370000000000000107e-01
1.366666666666666585e-01
1.366666666666666585e-01
1.366666666666666585e-01
1.366666666666666585e-01
1.366666666666666585e-01
1.366666666666666585e-01
1.363333333333333341e-01
1.363333333333333341e-01
1.360000000000000098e-01
1.360000000000000098e-01
1.360000000000000098e-01
1.360000000000000098e-01
1.360000000000000098e-01
1.360000000000000098e-01
1.360000000000000098e-01
1.360000000000000098e-01
1.360000000000000098e-01
1.356666666666666576e-01
1.356666666666666576e-01
1.356666666666666576e-01
1.356666666666666576e-01
1.356666666666666576e-01
1.356666666666666576e-01
1.356666666666666576e-01
1.356666666666666576e-01
1.356666666666666576e-01
1.356666666666666576e-01
1.353333333333333333e-01
1.353333333333333333e-01
1.353333333333333333e-01
1.353333333333333333e-01
1.350000000000000089e-01
1.350000000000000089e-01
1.350000000000000089e-01
1.350000000000000089e-01
1.350000000000000089e-01
1.350000000000000089e-01
1.350000000000000089e-01
1.346666666666666567e-01
1.346666666666666567e-01
1.346666666666666567e-01
1.346666666666666567e-01
1.346666666666666567e-01
1.346666666666666567e-01
1.346666666666666567e-01
1.346666666666666567e-01
1.346666666666666567e-01
1.346666666666666567e-01
1.346666666666666567e-01
1.346666666666666567e-01
1.346666666666666567e-01
1.346666666666666567e-01
1.346666666666666567e-01
1.346666666666666567e-01
1.346666666666666567e-01
1.346666666666666567e-01
1.346666666666666567e-01
1.346666666666666567e-01
1.346666666666666567e-01
1.346666666666666567e-01
1.346666666666666567e-01
1.343333333333333324e-01
1.343333333333333324e-01
1.343333333333333324e-01
1.343333333333333324e-01
1.340000000000000080e-01
1.340000000000000080e-01
1.340000000000000080e-01
1.340000000000000080e-01
1.340000000000000080e-01
1.340000000000000080e-01
1.340000000000000080e-01
1.340000000000000080e-01
1.340000000000000080e-01
1.340000000000000080e-01
1.336666666666666559e-01
1.336666666666666559e-01
1.336666666666666559e-01
1.336666666666666559e-01
1.336666666666666559e-01
1.336666666666666559e-01
1.336666666666666559e-01
1.333333333333333315e-01
1.330000000000000071e-01
1.330000000000000071e-01
1.330000000000000071e-01
1.326666666666666550e-01
1.326666666666666550e-01
1.323333333333333306e-01
1.323333333333333306e-01
1.323333333333333306e-01
1.323333333333333306e-01
1.323333333333333306e-01
1.323333333333333306e-01
1.323333333333333306e-01
1.323333333333333306e-01
1.320000000000000062e-01
1.320000000000000062e-01
1.316666666666666541e-01
1.316666666666666541e-01
1.316666666666666541e-01
1.316666666666666541e-01
1.316666666666666541e-01
1.313333333333333297e-01
1.313333333333333297e-01
1.310000000000000053e-01
1.310000000000000053e-01
1.310000000000000053e-01
1.310000000000000053e-01
1.310000000000000053e-01
1.310000000000000053e-01
1.310000000000000053e-01
1.310000000000000053e-01
1.310000000000000053e-01
1.310000000000000053e-01
1.306666666666666532e-01
1.306666666666666532e-01
1.306666666666666532e-01
1.306666666666666532e-01
1.306666666666666532e-01
1.306666666666666532e-01
1.306666666666666532e-01
1.306666666666666532e-01
1.306666666666666532e-01
1.306666666666666532e-01
1.306666666666666532e-01
1.306666666666666532e-01
1.306666666666666532e-01
1.306666666666666532e-01
1.306666666666666532e-01
1.306666666666666532e-01
1.306666666666666532e-01
1.306666666666666532e-01
1.306666666666666532e-01
1.306666666666666532e-01
1.306666666666666532e-01
1.306666666666666532e-01
1.306666666666666532e-01
1.306666666666666532e-01
1.306666666666666532e-01
1.306666666666666532e-01
1.306666666666666532e-01
1.306666666666666532e-01
1.306666666666666532e-01
1.306666666666666532e-01
1.306666666666666532e-01
1.306666666666666532e-01
1.306666666666666532e-01
1.306666666666666532e-01
1.306666666666666532e-01
1.303333333333333288e-01
1.303333333333333288e-01
1.303333333333333288e-01
1.303333333333333288e-01
1.303333333333333288e-01
1.303333333333333288e-01
1.300000000000000044e-01
1.300000000000000044e-01
1.300000000000000044e-01
1.300000000000000044e-01
1.300000000000000044e-01
1.300000000000000044e-01
1.300000000000000044e-01
1.300000000000000044e-01
1.296666666666666801e-01
1.293333333333333279e-01
1.293333333333333279e-01
1.293333333333333279e-01
1.293333333333333279e-01
1.293333333333333279e-01
1.293333333333333279e-01
1.293333333333333279e-01
1.293333333333333279e-01
1.293333333333333279e-01
1.293333333333333279e-01
1.293333333333333279e-01
1.293333333333333279e-01
1.293333333333333279e-01
1.293333333333333279e-01
1.290000000000000036e-01
1.290000000000000036e-01
1.290000000000000036e-01
1.290000000000000036e-01
1.290000000000000036e-01
1.290000000000000036e-01
1.286666666666666792e-01
1.286666666666666792e-01
1.286666666666666792e-01
1.286666666666666792e-01
1.283333333333333270e-01
1.283333333333333270e-01
1.283333333333333270e-01
1.283333333333333270e-01
1.283333333333333270e-01
1.283333333333333270e-01
1.283333333333333270e-01
1.283333333333333270e-01
1.283333333333333270e-01
1.283333333333333270e-01
1.283333333333333270e-01
1.283333333333333270e-01
1.283333333333333270e-01
1.283333333333333270e-01
1.283333333333333270e-01
1.283333333333333270e-01
1.280000000000000027e-01
1.280000000000000027e-01
1.276666666666666783e-01
1.276666666666666783e-01
1.270000000000000018e-01
1.270000000000000018e-01
1.270000000000000018e-01
1.266666666666666774e-01
1.266666666666666774e-01
1.260000000000000009e-01
1.260000000000000009e-01
1.260000000000000009e-01
1.260000000000000009e-01
1.260000000000000009e-01
1.256666666666666765e-01
1.256666666666666765e-01
1.256666666666666765e-01
1.253333333333333244e-01
1.253333333333333244e-01
1.253333333333333244e-01
1.253333333333333244e-01
1.250000000000000000e-01
1.250000000000000000e-01
1.246666666666666617e-01
1.246666666666666617e-01
1.246666666666666617e-01
1.246666666666666617e-01
1.246666666666666617e-01
1.246666666666666617e-01
1.246666666666666617e-01
1.246666666666666617e-01
1.246666666666666617e-01
1.246666666666666617e-01
1.246666666666666617e-01
1.246666666666666617e-01
1.246666666666666617e-01
1.246666666666666617e-01
1.246666666666666617e-01
1.246666666666666617e-01
1.246666666666666617e-01
1.246666666666666617e-01
1.246666666666666617e-01
1.246666666666666617e-01
1.246666666666666617e-01
1.246666666666666617e-01
1.243333333333333374e-01
1.243333333333333374e-01
1.243333333333333374e-01
1.239999999999999991e-01
1.239999999999999991e-01
1.239999999999999991e-01
1.239999999999999991e-01
1.239999999999999991e-01
1.239999999999999991e-01
1.239999999999999991e-01
1.239999999999999991e-01
1.236666666666666609e-01
1.233333333333333365e-01
1.233333333333333365e-01
1.233333333333333365e-01
1.233333333333333365e-01
1.229999999999999982e-01
1.229999999999999982e-01
1.229999999999999982e-01
1.229999999999999982e-01
1.229999999999999982e-01
1.229999999999999982e-01
1.229999999999999982e-01
1.229999999999999982e-01
1.229999999999999982e-01
1.229999999999999982e-01
1.229999999999999982e-01
1.229999999999999982e-01
1.229999999999999982e-01
1.229999999999999982e-01
1.229999999999999982e-01
1.229999999999999982e-01
1.229999999999999982e-01
1.229999999999999982e-01
1.229999999999999982e-01
1.229999999999999982e-01
1.229999999999999982e-01
1.229999999999999982e-01
1.229999999999999982e-01
1.229999999999999982e-01
1.229999999999999982e-01
1.229999999999999982e-01
1.229999999999999982e-01
1.229999999999999982e-01
1.229999999999999982e-01
1.229999999999999982e-01
1.229999999999999982e-01
1.229999999999999982e-01
1.229999999999999982e-01
1.226666666666666600e-01
1.223333333333333356e-01
1.219999999999999973e-01
1.219999999999999973e-01
1.219999999999999973e-01
1.219999999999999973e-01
1.219999999999999973e-01
1.219999999999999973e-01
1.219999999999999973e-01
1.219999999999999973e-01
1.219999999999999973e-01
1.219999999999999973e-01
1.219999999999999973e-01
1.219999999999999973e-01
1.219999999999999973e-01
1.219999999999999973e-01
1.219999999999999973e-01
1.219999999999999973e-01
1.219999999999999973e-01
1.219999999999999973e-01
1.219999999999999973e-01
1.219999999999999973e-01
1.219999999999999973e-01
1.219999999999999973e-01
1.219999999999999973e-01
1.219999999999999973e-01
1.219999999999999973e-01
1.219999999999999973e-01
1.219999999999999973e-01
1.219999999999999973e-01
1.219999999999999973e-01
1.219999999999999973e-01
1.219999999999999973e-01
1.219999999999999973e-01
1.219999999999999973e-01
1.219999999999999973e-01
1.219999999999999973e-01
1.219999999999999973e-01
1.219999999999999973e-01
1.219999999999999973e-01
1.219999999999999973e-01
1.219999999999999973e-01
1.219999999999999973e-01
1.219999999999999973e-01
1.219999999999999973e-01
1.219999999999999973e-01
1.219999999999999973e-01
1.219999999999999973e-01
1.219999999999999973e-01
1.219999999999999973e-01
1.219999999999999973e-01
1.216666666666666730e-01
1.216666666666666730e-01
1.216666666666666730e-01
1.216666666666666730e-01
1.216666666666666730e-01
1.216666666666666730e-01
1.216666666666666730e-01
1.216666666666666730e-01
1.216666666666666730e-01
1.216666666666666730e-01
1.216666666666666730e-01
1.216666666666666730e-01
1.216666666666666730e-01
1.216666666666666730e-01
1.216666666666666730e-01
1.216666666666666730e-01
1.216666666666666730e-01
1.216666666666666730e-01
1.216666666666666730e-01
1.216666666666666730e-01
1.216666666666666730e-01
1.216666666666666730e-01
1.216666666666666730e-01
1.216666666666666730e-01
1.216666666666666730e-01
1.216666666666666730e-01
1.216666666666666730e-01
1.213333333333333347e-01
1.213333333333333347e-01
1.213333333333333347e-01
1.213333333333333347e-01
1.213333333333333347e-01
1.213333333333333347e-01
1.213333333333333347e-01
1.213333333333333347e-01
1.213333333333333347e-01
1.213333333333333347e-01
1.213333333333333347e-01
1.213333333333333347e-01
1.213333333333333347e-01
1.213333333333333347e-01
1.213333333333333347e-01
1.213333333333333347e-01
1.213333333333333347e-01
1.213333333333333347e-01
1.213333333333333347e-01
1.206666666666666721e-01
1.206666666666666721e-01
1.206666666666666721e-01
1.206666666666666721e-01
1.206666666666666721e-01
1.206666666666666721e-01
1.206666666666666721e-01
1.206666666666666721e-01
1.206666666666666721e-01
1.206666666666666721e-01
1.206666666666666721e-01
1.206666666666666721e-01
1.206666666666666721e-01
1.206666666666666721e-01
1.206666666666666721e-01
1.206666666666666721e-01
1.206666666666666721e-01
1.206666666666666721e-01
1.206666666666666721e-01
1.206666666666666721e-01
1.206666666666666721e-01
1.206666666666666721e-01
1.206666666666666721e-01
1.206666666666666721e-01
1.206666666666666721e-01
1.206666666666666721e-01
1.203333333333333338e-01
1.203333333333333338e-01
1.203333333333333338e-01
1.203333333333333338e-01
1.203333333333333338e-01
1.203333333333333338e-01
1.203333333333333338e-01
1.199999999999999956e-01
1.199999999999999956e-01
1.199999999999999956e-01
1.199999999999999956e-01
1.199999999999999956e-01
1.199999999999999956e-01
1.199999999999999956e-01
1.199999999999999956e-01
1.199999999999999956e-01
1.199999999999999956e-01
1.199999999999999956e-01
1.199999999999999956e-01
1.199999999999999956e-01
1.199999999999999956e-01
1.193333333333333329e-01
1.193333333333333329e-01
1.193333333333333329e-01
1.193333333333333329e-01
1.193333333333333329e-01
1.193333333333333329e-01
1.193333333333333329e-01
1.193333333333333329e-01
1.193333333333333329e-01
1.193333333333333329e-01
1.193333333333333329e-01
1.193333333333333329e-01
1.189999999999999947e-01
1.189999999999999947e-01
1.186666666666666703e-01
1.186666666666666703e-01
1.186666666666666703e-01
1.186666666666666703e-01
1.186666666666666703e-01
1.186666666666666703e-01
1.179999999999999938e-01
1.179999999999999938e-01
1.179999999999999938e-01
1.179999999999999938e-01
1.179999999999999938e-01
1.179999999999999938e-01
1.176666666666666694e-01
1.176666666666666694e-01
1.176666666666666694e-01
1.176666666666666694e-01
1.176666666666666694e-01
1.173333333333333311e-01
1.173333333333333311e-01
1.166666666666666685e-01
1.166666666666666685e-01
1.166666666666666685e-01
1.166666666666666685e-01
1.166666666666666685e-01
1.163333333333333303e-01
1.163333333333333303e-01
1.163333333333333303e-01
1.163333333333333303e-01
1.163333333333333303e-01
1.163333333333333303e-01
1.163333333333333303e-01
1.163333333333333303e-01
1.163333333333333303e-01
1.163333333333333303e-01
1.163333333333333303e-01
1.163333333333333303e-01
1.163333333333333303e-01
1.163333333333333303e-01
1.160000000000000059e-01
1.160000000000000059e-01
1.160000000000000059e-01
1.160000000000000059e-01
1.156666666666666676e-01
1.153333333333333294e-01
1.153333333333333294e-01
1.153333333333333294e-01
1.153333333333333294e-01
1.153333333333333294e-01
1.153333333333333294e-01
1.153333333333333294e-01
1.153333333333333294e-01
1.153333333333333294e-01
1.153333333333333294e-01
1.153333333333333294e-01
1.153333333333333294e-01
1.150000000000000050e-01
1.150000000000000050e-01
1.150000000000000050e-01
1.150000000000000050e-01
1.146666666666666667e-01
1.146666666666666667e-01
1.146666666666666667e-01
1.146666666666666667e-01
1.146666666666666667e-01
1.146666666666666667e-01
1.146666666666666667e-01
1.146666666666666667e-01
1.146666666666666667e-01
1.146666666666666667e-01
1.146666666666666667e-01
1.146666666666666667e-01
1.146666666666666667e-01
1.146666666666666667e-01
1.146666666666666667e-01
1.146666666666666667e-01
1.146666666666666667e-01
1.146666666666666667e-01
1.146666666666666667e-01
1.146666666666666667e-01
1.146666666666666667e-01
1.146666666666666667e-01
1.146666666666666667e-01
1.146666666666666667e-01
1.146666666666666667e-01
1.146666666666666667e-01
1.146666666666666667e-01
1.146666666666666667e-01
1.146666666666666667e-01
1.146666666666666667e-01
1.146666666666666667e-01
1.146666666666666667e-01
1.146666666666666667e-01
1.146666666666666667e-01
1.146666666666666667e-01
1.146666666666666667e-01
1.146666666666666667e-01
1.143333333333333285e-01
1.143333333333333285e-01
1.143333333333333285e-01
1.143333333333333285e-01
1.143333333333333285e-01
1.143333333333333285e-01
1.143333333333333285e-01
1.143333333333333285e-01
1.143333333333333285e-01
1.136666666666666659e-01
1.136666666666666659e-01
1.136666666666666659e-01
1.136666666666666659e-01
1.136666666666666659e-01
1.136666666666666659e-01
1.136666666666666659e-01
1.136666666666666659e-01
1.136666666666666659e-01
1.136666666666666659e-01
1.133333333333333276e-01
1.133333333333333276e-01
1.133333333333333276e-01
1.133333333333333276e-01
1.133333333333333276e-01
1.133333333333333276e-01
1.133333333333333276e-01
1.133333333333333276e-01
1.133333333333333276e-01
1.133333333333333276e-01
1.133333333333333276e-01
1.133333333333333276e-01
1.133333333333333276e-01
1.133333333333333276e-01
1.133333333333333276e-01
1.133333333333333276e-01
1.133333333333333276e-01
1.130000000000000032e-01
1.130000000000000032e-01
1.130000000000000032e-01
1.130000000000000032e-01
1.130000000000000032e-01
1.130000000000000032e-01
1.130000000000000032e-01
1.130000000000000032e-01
1.130000000000000032e-01
1.130000000000000032e-01
1.130000000000000032e-01
1.130000000000000032e-01
1.130000000000000032e-01
1.130000000000000032e-01
1.130000000000000032e-01
1.130000000000000032e-01
1.130000000000000032e-01
1.130000000000000032e-01
1.130000000000000032e-01
1.130000000000000032e-01
1.130000000000000032e-01
1.130000000000000032e-01
1.130000000000000032e-01
1.130000000000000032e-01
1.130000000000000032e-01
1.130000000000000032e-01
1.130000000000000032e-01
1.130000000000000032e-01
1.130000000000000032e-01
1.130000000000000032e-01
1.130000000000000032e-01
1.130000000000000032e-01
1.126666666666666650e-01
1.126666666666666650e-01
1.126666666666666650e-01
1.126666666666666650e-01
1.126666666666666650e-01
1.126666666666666650e-01
1.126666666666666650e-01
1.126666666666666650e-01
1.123333333333333267e-01
1.123333333333333267e-01
1.123333333333333267e-01
1.123333333333333267e-01
1.123333333333333267e-01
1.123333333333333267e-01
1.123333333333333267e-01
1.123333333333333267e-01
1.123333333333333267e-01
1.123333333333333267e-01
1.120000000000000023e-01
1.116666666666666641e-01
1.116666666666666641e-01
1.116666666666666641e-01
1.116666666666666641e-01
1.113333333333333397e-01
1.113333333333333397e-01
1.113333333333333397e-01
1.113333333333333397e-01
1.113333333333333397e-01
1.113333333333333397e-01
1.113333333333333397e-01
1.113333333333333397e-01
1.113333333333333397e-01
1.113333333333333397e-01
1.113333333333333397e-01
1.113333333333333397e-01
1.113333333333333397e-01
1.113333333333333397e-01
1.113333333333333397e-01
1.113333333333333397e-01
1.113333333333333397e-01
1.113333333333333397e-01
1.113333333333333397e-01
1.113333333333333397e-01
1.113333333333333397e-01
1.113333333333333397e-01
1.113333333333333397e-01
1.113333333333333397e-01
1.113333333333333397e-01
1.113333333333333397e-01
1.113333333333333397e-01
1.106666666666666632e-01
1.106666666666666632e-01
1.100000000000000006e-01
1.100000000000000006e-01
1.100000000000000006e-01
1.100000000000000006e-01
1.100000000000000006e-01
1.100000000000000006e-01
1.100000000000000006e-01
1.100000000000000006e-01
1.100000000000000006e-01
1.100000000000000006e-01
1.100000000000000006e-01
1.100000000000000006e-01
1.100000000000000006e-01
1.100000000000000006e-01
1.100000000000000006e-01
1.100000000000000006e-01
1.100000000000000006e-01
1.096666666666666623e-01
1.096666666666666623e-01
1.096666666666666623e-01
1.096666666666666623e-01
1.096666666666666623e-01
1.096666666666666623e-01
1.096666666666666623e-01
1.096666666666666623e-01
1.096666666666666623e-01
1.096666666666666623e-01
1.096666666666666623e-01
1.096666666666666623e-01
1.096666666666666623e-01
1.096666666666666623e-01
1.096666666666666623e-01
1.096666666666666623e-01
1.096666666666666623e-01
1.096666666666666623e-01
1.096666666666666623e-01
1.096666666666666623e-01
1.096666666666666623e-01
1.093333333333333379e-01
1.093333333333333379e-01
1.089999999999999997e-01
1.089999999999999997e-01
1.089999999999999997e-01
1.089999999999999997e-01
1.089999999999999997e-01
1.086666666666666614e-01
1.086666666666666614e-01
1.086666666666666614e-01
1.086666666666666614e-01
1.086666666666666614e-01
1.086666666666666614e-01
1.086666666666666614e-01
1.086666666666666614e-01
1.086666666666666614e-01
1.086666666666666614e-01
1.086666666666666614e-01
1.086666666666666614e-01
1.086666666666666614e-01
1.086666666666666614e-01
1.086666666666666614e-01
1.086666666666666614e-01
1.086666666666666614e-01
1.086666666666666614e-01
1.086666666666666614e-01
1.086666666666666614e-01
1.086666666666666614e-01
1.086666666666666614e-01
1.086666666666666614e-01
1.086666666666666614e-01
1.086666666666666614e-01
1.086666666666666614e-01
1.083333333333333370e-01
1.083333333333333370e-01
1.083333333333333370e-01
1.083333333333333370e-01
1.083333333333333370e-01
1.083333333333333370e-01
1.083333333333333370e-01
1.083333333333333370e-01
1.083333333333333370e-01
1.083333333333333370e-01
1.083333333333333370e-01
1.079999999999999988e-01
1.079999999999999988e-01
1.079999999999999988e-01
1.079999999999999988e-01
1.079999999999999988e-01
1.079999999999999988e-01
1.079999999999999988e-01
1.079999999999999988e-01
1.079999999999999988e-01
1.079999999999999988e-01
1.079999999999999988e-01
1.079999999999999988e-01
1.079999999999999988e-01
1.079999999999999988e-01
1.079999999999999988e-01
1.079999999999999988e-01
1.079999999999999988e-01
1.079999999999999988e-01
1.079999999999999988e-01
1.076666666666666605e-01
1.076666666666666605e-01
1.076666666666666605e-01
1.076666666666666605e-01
1.076666666666666605e-01
1.076666666666666605e-01
1.076666666666666605e-01
1.076666666666666605e-01
1.076666666666666605e-01
1.076666666666666605e-01
1.076666666666666605e-01
1.076666666666666605e-01
1.076666666666666605e-01
1.076666666666666605e-01
1.076666666666666605e-01
1.076666666666666605e-01
1.076666666666666605e-01
1.076666666666666605e-01
1.076666666666666605e-01
1.076666666666666605e-01
1.076666666666666605e-01
1.076666666666666605e-01
1.076666666666666605e-01
1.076666666666666605e-01
1.076666666666666605e-01
1.076666666666666605e-01
1.076666666666666605e-01
1.076666666666666605e-01
1.076666666666666605e-01
1.076666666666666605e-01
1.076666666666666605e-01
1.073333333333333361e-01
1.073333333333333361e-01
1.073333333333333361e-01
1.073333333333333361e-01
1.073333333333333361e-01
1.073333333333333361e-01
1.073333333333333361e-01
1.073333333333333361e-01
1.073333333333333361e-01
1.073333333333333361e-01
1.073333333333333361e-01
1.073333333333333361e-01
1.073333333333333361e-01
1.073333333333333361e-01
1.073333333333333361e-01
1.073333333333333361e-01
1.073333333333333361e-01
1.073333333333333361e-01
1.073333333333333361e-01
1.073333333333333361e-01
1.073333333333333361e-01
1.073333333333333361e-01
1.069999999999999979e-01
1.069999999999999979e-01
1.069999999999999979e-01
1.069999999999999979e-01
1.069999999999999979e-01
1.069999999999999979e-01
1.069999999999999979e-01
1.069999999999999979e-01
1.069999999999999979e-01
1.069999999999999979e-01
1.069999999999999979e-01
1.069999999999999979e-01
1.069999999999999979e-01
1.069999999999999979e-01
1.069999999999999979e-01
1.069999999999999979e-01
1.069999999999999979e-01
1.069999999999999979e-01
1.069999999999999979e-01
1.069999999999999979e-01
1.069999999999999979e-01
1.069999999999999979e-01
1.069999999999999979e-01
1.069999999999999979e-01
1.069999999999999979e-01
1.069999999999999979e-01
1.069999999999999979e-01
1.069999999999999979e-01
1.069999999999999979e-01
1.069999999999999979e-01
1.069999999999999979e-01
1.069999999999999979e-01
1.069999999999999979e-01
1.069999999999999979e-01
1.066666666666666735e-01
1.066666666666666735e-01
1.066666666666666735e-01
1.066666666666666735e-01
1.063333333333333353e-01
1.063333333333333353e-01
1.063333333333333353e-01
1.063333333333333353e-01
1.063333333333333353e-01
1.063333333333333353e-01
1.059999999999999970e-01
1.059999999999999970e-01
1.059999999999999970e-01
1.059999999999999970e-01
1.059999999999999970e-01
1.059999999999999970e-01
1.059999999999999970e-01
1.059999999999999970e-01
1.059999999999999970e-01
1.059999999999999970e-01
1.059999999999999970e-01
1.059999999999999970e-01
1.059999999999999970e-01
1.059999999999999970e-01
1.059999999999999970e-01
1.059999999999999970e-01
1.059999999999999970e-01
1.059999999999999970e-01
1.059999999999999970e-01
1.059999999999999970e-01
1.059999999999999970e-01
1.059999999999999970e-01
1.059999999999999970e-01
1.059999999999999970e-01
1.059999999999999970e-01
1.059999999999999970e-01
1.059999999999999970e-01
1.059999999999999970e-01
1.059999999999999970e-01
1.059999999999999970e-01
1.059999999999999970e-01
1.059999999999999970e-01
1.059999999999999970e-01
1.059999999999999970e-01
1.059999999999999970e-01
1.059999999999999970e-01
1.059999999999999970e-01
1.059999999999999970e-01
1.059999999999999970e-01
1.059999999999999970e-01
1.056666666666666726e-01
1.056666666666666726e-01
1.056666666666666726e-01
1.056666666666666726e-01
1.056666666666666726e-01
1.056666666666666726e-01
1.056666666666666726e-01
1.056666666666666726e-01
1.056666666666666726e-01
1.056666666666666726e-01
1.056666666666666726e-01
1.056666666666666726e-01
1.056666666666666726e-01
1.056666666666666726e-01
1.056666666666666726e-01
1.056666666666666726e-01
1.056666666666666726e-01
1.056666666666666726e-01
1.056666666666666726e-01
1.056666666666666726e-01
1.056666666666666726e-01
1.056666666666666726e-01
1.056666666666666726e-01
1.056666666666666726e-01
1.056666666666666726e-01
1.053333333333333344e-01
1.053333333333333344e-01
1.053333333333333344e-01
1.053333333333333344e-01
1.053333333333333344e-01
1.053333333333333344e-01
1.053333333333333344e-01
1.053333333333333344e-01
1.053333333333333344e-01
1.049999999999999961e-01
1.049999999999999961e-01
1.049999999999999961e-01
1.049999999999999961e-01
1.049999999999999961e-01
1.046666666666666717e-01
1.046666666666666717e-01
1.046666666666666717e-01
1.046666666666666717e-01
1.046666666666666717e-01
1.046666666666666717e-01
1.046666666666666717e-01
1.046666666666666717e-01
1.046666666666666717e-01
1.046666666666666717e-01
1.046666666666666717e-01
1.046666666666666717e-01
1.046666666666666717e-01
1.046666666666666717e-01
1.046666666666666717e-01
1.046666666666666717e-01
1.043333333333333335e-01
1.043333333333333335e-01
1.043333333333333335e-01
1.043333333333333335e-01
1.043333333333333335e-01
1.043333333333333335e-01
1.043333333333333335e-01
1.043333333333333335e-01
1.043333333333333335e-01
1.043333333333333335e-01
1.043333333333333335e-01
1.043333333333333335e-01
1.043333333333333335e-01
1.043333333333333335e-01
1.043333333333333335e-01
1.043333333333333335e-01
1.043333333333333335e-01
1.043333333333333335e-01
1.043333333333333335e-01
1.043333333333333335e-01
1.043333333333333335e-01
1.043333333333333335e-01
1.039999999999999952e-01
1.039999999999999952e-01
1.039999999999999952e-01
1.039999999999999952e-01
1.039999999999999952e-01
1.039999999999999952e-01
1.039999999999999952e-01
1.039999999999999952e-01
1.039999999999999952e-01
1.039999999999999952e-01
1.039999999999999952e-01
1.039999999999999952e-01
1.039999999999999952e-01
1.039999999999999952e-01
1.039999999999999952e-01
1.039999999999999952e-01
1.039999999999999952e-01
1.039999999999999952e-01
1.039999999999999952e-01
1.039999999999999952e-01
1.039999999999999952e-01
1.039999999999999952e-01
1.039999999999999952e-01
1.039999999999999952e-01
1.039999999999999952e-01
1.039999999999999952e-01
1.039999999999999952e-01
1.039999999999999952e-01
1.039999999999999952e-01
1.039999999999999952e-01
1.039999999999999952e-01
1.039999999999999952e-01
1.036666666666666708e-01
1.036666666666666708e-01
1.033333333333333326e-01
1.033333333333333326e-01
1.033333333333333326e-01
1.033333333333333326e-01
1.033333333333333326e-01
1.029999999999999943e-01
1.029999999999999943e-01
1.029999999999999943e-01
1.029999999999999943e-01
1.029999999999999943e-01
1.029999999999999943e-01
1.029999999999999943e-01
1.029999999999999943e-01
1.029999999999999943e-01
1.029999999999999943e-01
1.029999999999999943e-01
1.029999999999999943e-01
1.029999999999999943e-01
1.029999999999999943e-01
1.029999999999999943e-01
1.029999999999999943e-01
1.029999999999999943e-01
1.029999999999999943e-01
1.029999999999999943e-01
1.029999999999999943e-01
1.029999999999999943e-01
1.029999999999999943e-01
1.026666666666666700e-01
1.026666666666666700e-01
1.026666666666666700e-01
1.023333333333333317e-01
1.023333333333333317e-01
1.023333333333333317e-01
1.023333333333333317e-01
1.023333333333333317e-01
1.023333333333333317e-01
1.019999999999999934e-01
1.019999999999999934e-01
1.019999999999999934e-01
1.019999999999999934e-01
1.019999999999999934e-01
1.019999999999999934e-01
1.019999999999999934e-01
1.019999999999999934e-01
1.019999999999999934e-01
1.019999999999999934e-01
1.019999999999999934e-01
1.019999999999999934e-01
1.019999999999999934e-01
1.019999999999999934e-01
1.019999999999999934e-01
1.019999999999999934e-01
1.019999999999999934e-01
1.019999999999999934e-01
1.019999999999999934e-01
1.019999999999999934e-01
1.019999999999999934e-01
1.019999999999999934e-01
1.019999999999999934e-01
1.019999999999999934e-01
1.019999999999999934e-01
1.019999999999999934e-01
1.019999999999999934e-01
1.019999999999999934e-01
1.019999999999999934e-01
1.019999999999999934e-01
1.019999999999999934e-01
1.019999999999999934e-01
1.019999999999999934e-01
1.016666666666666691e-01
1.016666666666666691e-01
1.016666666666666691e-01
1.016666666666666691e-01
1.016666666666666691e-01
1.016666666666666691e-01
1.016666666666666691e-01
1.016666666666666691e-01
1.016666666666666691e-01
1.016666666666666691e-01
1.016666666666666691e-01
1.016666666666666691e-01
1.016666666666666691e-01
1.016666666666666691e-01
1.016666666666666691e-01
1.016666666666666691e-01
1.016666666666666691e-01
1.016666666666666691e-01
1.016666666666666691e-01
1.016666666666666691e-01
1.016666666666666691e-01
1.016666666666666691e-01
1.016666666666666691e-01
1.016666666666666691e-01
1.016666666666666691e-01
1.016666666666666691e-01
1.016666666666666691e-01
1.016666666666666691e-01
1.016666666666666691e-01
1.016666666666666691e-01
1.013333333333333308e-01
1.013333333333333308e-01
1.013333333333333308e-01
1.013333333333333308e-01
1.013333333333333308e-01
1.013333333333333308e-01
1.013333333333333308e-01
1.013333333333333308e-01
1.013333333333333308e-01
1.013333333333333308e-01
1.013333333333333308e-01
1.013333333333333308e-01
1.013333333333333308e-01
1.013333333333333308e-01
1.013333333333333308e-01
1.013333333333333308e-01
1.013333333333333308e-01
1.013333333333333308e-01
1.013333333333333308e-01
1.013333333333333308e-01
1.013333333333333308e-01
1.010000000000000064e-01
1.010000000000000064e-01
1.010000000000000064e-01
1.010000000000000064e-01
1.010000000000000064e-01
1.010000000000000064e-01
1.010000000000000064e-01
1.010000000000000064e-01
1.010000000000000064e-01
1.010000000000000064e-01
1.010000000000000064e-01
1.010000000000000064e-01
1.010000000000000064e-01
1.010000000000000064e-01
1.010000000000000064e-01
1.010000000000000064e-01
1.010000000000000064e-01
1.010000000000000064e-01
1.010000000000000064e-01
1.010000000000000064e-01
1.010000000000000064e-01
1.010000000000000064e-01
1.010000000000000064e-01
1.010000000000000064e-01
1.010000000000000064e-01
1.010000000000000064e-01
1.010000000000000064e-01
1.010000000000000064e-01
1.010000000000000064e-01
1.010000000000000064e-01
1.010000000000000064e-01
1.010000000000000064e-01
1.006666666666666682e-01
1.006666666666666682e-01
1.006666666666666682e-01
1.006666666666666682e-01
1.006666666666666682e-01
1.006666666666666682e-01
1.006666666666666682e-01
1.006666666666666682e-01
1.006666666666666682e-01
1.006666666666666682e-01
1.006666666666666682e-01
1.006666666666666682e-01
1.006666666666666682e-01
1.006666666666666682e-01
1.006666666666666682e-01
1.006666666666666682e-01
1.006666666666666682e-01
1.006666666666666682e-01
1.006666666666666682e-01
1.006666666666666682e-01
1.006666666666666682e-01
1.006666666666666682e-01
1.006666666666666682e-01
1.006666666666666682e-01
1.006666666666666682e-01
1.006666666666666682e-01
1.006666666666666682e-01
1.006666666666666682e-01
1.006666666666666682e-01
1.006666666666666682e-01
1.006666666666666682e-01
1.006666666666666682e-01
1.003333333333333299e-01
1.003333333333333299e-01
1.003333333333333299e-01
1.003333333333333299e-01
1.003333333333333299e-01
1.003333333333333299e-01
1.000000000000000056e-01
1.000000000000000056e-01
1.000000000000000056e-01
1.000000000000000056e-01
1.000000000000000056e-01
1.000000000000000056e-01
1.000000000000000056e-01
1.000000000000000056e-01
1.000000000000000056e-01
1.000000000000000056e-01
1.000000000000000056e-01
1.000000000000000056e-01
1.000000000000000056e-01
1.000000000000000056e-01
1.000000000000000056e-01
1.000000000000000056e-01
1.000000000000000056e-01
1.000000000000000056e-01
1.000000000000000056e-01
1.000000000000000056e-01
1.000000000000000056e-01
1.000000000000000056e-01
1.000000000000000056e-01
1.000000000000000056e-01
1.000000000000000056e-01
1.000000000000000056e-01
1.000000000000000056e-01
1.000000000000000056e-01
9.966666666666666730e-02
9.966666666666666730e-02
9.966666666666666730e-02
9.966666666666666730e-02
9.966666666666666730e-02
9.933333333333332904e-02
9.933333333333332904e-02
9.933333333333332904e-02
9.933333333333332904e-02
9.933333333333332904e-02
9.933333333333332904e-02
9.933333333333332904e-02
9.933333333333332904e-02
9.933333333333332904e-02
9.933333333333332904e-02
9.933333333333332904e-02
9.933333333333332904e-02
9.933333333333332904e-02
9.933333333333332904e-02
9.933333333333332904e-02
9.933333333333332904e-02
9.933333333333332904e-02
9.933333333333332904e-02
9.933333333333332904e-02
9.933333333333332904e-02
9.933333333333332904e-02
9.933333333333332904e-02
9.933333333333332904e-02
9.933333333333332904e-02
9.933333333333332904e-02
9.933333333333332904e-02
9.933333333333332904e-02
9.900000000000000466e-02
9.900000000000000466e-02
9.900000000000000466e-02
9.900000000000000466e-02
9.900000000000000466e-02
9.900000000000000466e-02
9.900000000000000466e-02
9.900000000000000466e-02
9.900000000000000466e-02
9.900000000000000466e-02
9.900000000000000466e-02
9.900000000000000466e-02
9.900000000000000466e-02
9.900000000000000466e-02
9.900000000000000466e-02
9.866666666666666641e-02
9.866666666666666641e-02
9.866666666666666641e-02
9.866666666666666641e-02
9.866666666666666641e-02
9.866666666666666641e-02
9.866666666666666641e-02
9.866666666666666641e-02
9.866666666666666641e-02
9.866666666666666641e-02
9.866666666666666641e-02
9.866666666666666641e-02
9.866666666666666641e-02
9.866666666666666641e-02
9.866666666666666641e-02
9.866666666666666641e-02
9.866666666666666641e-02
9.866666666666666641e-02
9.866666666666666641e-02
9.866666666666666641e-02
9.866666666666666641e-02
9.866666666666666641e-02
9.866666666666666641e-02
9.866666666666666641e-02
9.866666666666666641e-02
9.866666666666666641e-02
9.866666666666666641e-02
9.866666666666666641e-02
9.866666666666666641e-02
9.866666666666666641e-02
9.866666666666666641e-02
9.866666666666666641e-02
9.866666666666666641e-02
9.866666666666666641e-02
9.866666666666666641e-02
9.866666666666666641e-02
9.866666666666666641e-02
9.866666666666666641e-02
9.866666666666666641e-02
9.866666666666666641e-02
9.866666666666666641e-02
9.866666666666666641e-02
9.866666666666666641e-02
9.866666666666666641e-02
9.866666666666666641e-02
9.866666666666666641e-02
9.866666666666666641e-02
9.866666666666666641e-02
9.866666666666666641e-02
9.866666666666666641e-02
9.866666666666666641e-02
9.866666666666666641e-02
9.866666666666666641e-02
9.866666666666666641e-02
9.866666666666666641e-02
9.866666666666666641e-02
9.866666666666666641e-02
9.866666666666666641e-02
9.866666666666666641e-02
9.866666666666666641e-02
9.866666666666666641e-02
9.866666666666666641e-02
9.866666666666666641e-02
9.866666666666666641e-02
9.866666666666666641e-02
9.866666666666666641e-02
9.866666666666666641e-02
9.866666666666666641e-02
9.833333333333332815e-02
9.833333333333332815e-02
9.833333333333332815e-02
9.833333333333332815e-02
9.833333333333332815e-02
9.833333333333332815e-02
9.833333333333332815e-02
9.833333333333332815e-02
9.833333333333332815e-02
9.833333333333332815e-02
9.833333333333332815e-02
9.833333333333332815e-02
9.800000000000000377e-02
9.800000000000000377e-02
9.800000000000000377e-02
9.800000000000000377e-02
9.800000000000000377e-02
9.800000000000000377e-02
9.800000000000000377e-02
9.800000000000000377e-02
9.800000000000000377e-02
9.800000000000000377e-02
9.800000000000000377e-02
9.800000000000000377e-02
9.800000000000000377e-02
9.800000000000000377e-02
9.800000000000000377e-02
9.800000000000000377e-02
9.800000000000000377e-02
9.800000000000000377e-02
9.800000000000000377e-02
9.766666666666666552e-02
9.766666666666666552e-02
9.733333333333332726e-02
9.733333333333332726e-02
9.700000000000000289e-02
9.700000000000000289e-02
9.700000000000000289e-02
9.700000000000000289e-02
9.700000000000000289e-02
9.700000000000000289e-02
9.700000000000000289e-02
9.700000000000000289e-02
9.700000000000000289e-02
9.700000000000000289e-02
9.700000000000000289e-02
9.700000000000000289e-02
9.700000000000000289e-02
9.700000000000000289e-02
9.700000000000000289e-02
9.700000000000000289e-02
9.700000000000000289e-02
9.700000000000000289e-02
9.700000000000000289e-02
9.666666666666666463e-02
9.666666666666666463e-02
9.666666666666666463e-02
9.666666666666666463e-02
9.666666666666666463e-02
9.666666666666666463e-02
9.666666666666666463e-02
9.666666666666666463e-02
9.666666666666666463e-02
9.666666666666666463e-02
9.666666666666666463e-02
9.666666666666666463e-02
9.666666666666666463e-02
9.666666666666666463e-02
9.666666666666666463e-02
9.666666666666666463e-02
9.666666666666666463e-02
9.666666666666666463e-02
9.666666666666666463e-02
9.666666666666666463e-02
9.666666666666666463e-02
9.666666666666666463e-02
9.666666666666666463e-02
9.666666666666666463e-02
9.666666666666666463e-02
9.600000000000000200e-02
9.600000000000000200e-02
9.600000000000000200e-02
9.600000000000000200e-02
9.600000000000000200e-02
9.600000000000000200e-02
9.600000000000000200e-02
9.600000000000000200e-02
9.600000000000000200e-02
9.600000000000000200e-02
9.566666666666666374e-02
9.566666666666666374e-02
9.533333333333333937e-02
9.533333333333333937e-02
9.533333333333333937e-02
9.533333333333333937e-02
9.533333333333333937e-02
9.533333333333333937e-02
9.533333333333333937e-02
9.533333333333333937e-02
9.533333333333333937e-02
9.533333333333333937e-02
9.500000000000000111e-02
9.500000000000000111e-02
9.500000000000000111e-02
9.500000000000000111e-02
9.500000000000000111e-02
9.500000000000000111e-02
9.500000000000000111e-02
9.500000000000000111e-02
9.500000000000000111e-02
9.500000000000000111e-02
9.500000000000000111e-02
9.500000000000000111e-02
9.500000000000000111e-02
9.500000000000000111e-02
9.500000000000000111e-02
9.500000000000000111e-02
9.500000000000000111e-02
9.500000000000000111e-02
9.500000000000000111e-02
9.500000000000000111e-02
9.500000000000000111e-02
9.500000000000000111e-02
9.500000000000000111e-02
9.500000000000000111e-02
9.500000000000000111e-02
9.500000000000000111e-02
9.500000000000000111e-02
9.500000000000000111e-02
9.500000000000000111e-02
9.500000000000000111e-02
9.500000000000000111e-02
9.500000000000000111e-02
9.500000000000000111e-02
9.500000000000000111e-02
9.500000000000000111e-02
9.500000000000000111e-02
9.500000000000000111e-02
9.500000000000000111e-02
9.500000000000000111e-02
9.500000000000000111e-02
9.500000000000000111e-02
9.500000000000000111e-02
9.500000000000000111e-02
9.500000000000000111e-02
9.500000000000000111e-02
9.500000000000000111e-02
9.500000000000000111e-02
9.500000000000000111e-02
9.500000000000000111e-02
9.500000000000000111e-02
9.500000000000000111e-02
9.500000000000000111e-02
9.500000000000000111e-02
9.500000000000000111e-02
9.500000000000000111e-02
9.500000000000000111e-02
9.500000000000000111e-02
9.500000000000000111e-02
9.500000000000000111e-02
9.500000000000000111e-02
9.500000000000000111e-02
9.500000000000000111e-02
9.500000000000000111e-02
9.500000000000000111e-02
9.500000000000000111e-02
9.500000000000000111e-02
9.500000000000000111e-02
9.500000000000000111e-02
9.500000000000000111e-02
9.500000000000000111e-02
9.466666666666666285e-02
9.466666666666666285e-02
9.466666666666666285e-02
9.466666666666666285e-02
9.466666666666666285e-02
9.466666666666666285e-02
9.466666666666666285e-02
9.466666666666666285e-02
9.466666666666666285e-02
9.466666666666666285e-02
9.466666666666666285e-02
9.466666666666666285e-02
9.466666666666666285e-02
9.466666666666666285e-02
9.466666666666666285e-02
9.433333333333333848e-02
9.433333333333333848e-02
9.433333333333333848e-02
9.433333333333333848e-02
9.433333333333333848e-02
9.433333333333333848e-02
9.366666666666666197e-02
9.366666666666666197e-02
9.366666666666666197e-02
9.366666666666666197e-02
9.366666666666666197e-02
9.366666666666666197e-02
9.366666666666666197e-02
9.366666666666666197e-02
9.366666666666666197e-02
9.366666666666666197e-02
9.366666666666666197e-02
9.366666666666666197e-02
9.366666666666666197e-02
9.366666666666666197e-02
9.366666666666666197e-02
9.366666666666666197e-02
9.366666666666666197e-02
9.366666666666666197e-02
9.366666666666666197e-02
9.366666666666666197e-02
9.366666666666666197e-02
9.366666666666666197e-02
9.366666666666666197e-02
9.366666666666666197e-02
9.366666666666666197e-02
9.366666666666666197e-02
9.366666666666666197e-02
9.366666666666666197e-02
9.366666666666666197e-02
9.366666666666666197e-02
9.366666666666666197e-02
9.366666666666666197e-02
9.366666666666666197e-02
9.366666666666666197e-02
9.366666666666666197e-02
9.366666666666666197e-02
9.366666666666666197e-02
9.366666666666666197e-02
9.366666666666666197e-02
9.366666666666666197e-02
9.366666666666666197e-02
9.366666666666666197e-02
9.366666666666666197e-02
9.366666666666666197e-02
9.333333333333333759e-02
9.333333333333333759e-02
9.333333333333333759e-02
9.333333333333333759e-02
9.333333333333333759e-02
9.333333333333333759e-02
9.333333333333333759e-02
9.333333333333333759e-02
9.333333333333333759e-02
9.333333333333333759e-02
9.333333333333333759e-02
9.333333333333333759e-02
9.333333333333333759e-02
9.333333333333333759e-02
9.333333333333333759e-02
9.333333333333333759e-02
9.333333333333333759e-02
9.333333333333333759e-02
9.333333333333333759e-02
9.333333333333333759e-02
9.333333333333333759e-02
9.333333333333333759e-02
9.333333333333333759e-02
9.333333333333333759e-02
9.333333333333333759e-02
9.333333333333333759e-02
9.333333333333333759e-02
9.333333333333333759e-02
9.333333333333333759e-02
9.333333333333333759e-02
9.333333333333333759e-02
9.333333333333333759e-02
9.333333333333333759e-02
9.333333333333333759e-02
9.333333333333333759e-02
9.333333333333333759e-02
9.299999999999999933e-02
9.299999999999999933e-02
9.299999999999999933e-02
9.299999999999999933e-02
9.299999999999999933e-02
9.266666666666666108e-02
9.266666666666666108e-02
9.266666666666666108e-02
9.266666666666666108e-02
9.266666666666666108e-02
9.266666666666666108e-02
9.233333333333333670e-02
9.233333333333333670e-02
9.233333333333333670e-02
9.233333333333333670e-02
9.233333333333333670e-02
9.233333333333333670e-02
9.233333333333333670e-02
9.233333333333333670e-02
9.233333333333333670e-02
9.233333333333333670e-02
9.233333333333333670e-02
9.233333333333333670e-02
9.233333333333333670e-02
9.233333333333333670e-02
9.233333333333333670e-02
9.199999999999999845e-02
9.199999999999999845e-02
9.199999999999999845e-02
9.199999999999999845e-02
9.199999999999999845e-02
9.199999999999999845e-02
9.199999999999999845e-02
9.199999999999999845e-02
9.199999999999999845e-02
9.199999999999999845e-02
9.199999999999999845e-02
9.199999999999999845e-02
9.199999999999999845e-02
9.199999999999999845e-02
9.166666666666666019e-02
9.166666666666666019e-02
9.166666666666666019e-02
9.166666666666666019e-02
9.166666666666666019e-02
9.166666666666666019e-02
9.166666666666666019e-02
9.166666666666666019e-02
9.166666666666666019e-02
9.166666666666666019e-02
9.166666666666666019e-02
9.133333333333333581e-02
9.133333333333333581e-02
9.133333333333333581e-02
9.133333333333333581e-02
9.133333333333333581e-02
9.133333333333333581e-02
9.133333333333333581e-02
9.133333333333333581e-02
9.133333333333333581e-02
9.133333333333333581e-02
9.133333333333333581e-02
9.133333333333333581e-02
9.133333333333333581e-02
9.133333333333333581e-02
9.133333333333333581e-02
9.133333333333333581e-02
9.133333333333333581e-02
9.133333333333333581e-02
9.133333333333333581e-02
9.133333333333333581e-02
9.133333333333333581e-02
9.133333333333333581e-02
9.133333333333333581e-02
9.133333333333333581e-02
9.133333333333333581e-02
9.133333333333333581e-02
9.133333333333333581e-02
9.133333333333333581e-02
9.133333333333333581e-02
9.133333333333333581e-02
9.133333333333333581e-02
9.133333333333333581e-02
9.133333333333333581e-02
9.133333333333333581e-02
9.133333333333333581e-02
9.133333333333333581e-02
9.133333333333333581e-02
9.133333333333333581e-02
9.133333333333333581e-02
9.133333333333333581e-02
9.133333333333333581e-02
9.133333333333333581e-02
9.133333333333333581e-02
9.133333333333333581e-02
9.133333333333333581e-02
9.133333333333333581e-02
9.133333333333333581e-02
9.133333333333333581e-02
9.133333333333333581e-02
9.133333333333333581e-02
9.133333333333333581e-02
9.133333333333333581e-02
9.133333333333333581e-02
9.133333333333333581e-02
9.133333333333333581e-02
9.133333333333333581e-02
9.133333333333333581e-02
9.133333333333333581e-02
9.133333333333333581e-02
9.133333333333333581e-02
9.133333333333333581e-02
9.133333333333333581e-02
9.133333333333333581e-02
9.133333333333333581e-02
9.133333333333333581e-02
9.133333333333333581e-02
9.133333333333333581e-02
9.133333333333333581e-02
9.133333333333333581e-02
